E	mod_factor
1.0e17	67155.46844423615
1.0186289902446845e17	67155.46844469396
1.037605019766914e17	67155.46844535151
1.0569345535579874e17	67155.46844628955
1.076624177045489e17	67155.46844761878
1.0966805983368696e17	67155.46844948998
1.1171106505048219e17	67155.4684521075
1.1379212939153186e17	67155.4684557456
1.1591196185988858e17	67155.46846077117
1.1807128466661867e17	67155.46846767116
1.2027083347685144e17	67155.4684770882
1.2251135766041178e17	67155.46848986491
1.2479362054713062e17	67155.4685071006
1.27118399686903e17	67155.46853021963
1.2948648711459022e17	67155.46856105812
1.3189868961986746e17	67155.46860196939
1.3435582902208262e17	67155.4686559521
1.3685874245025149e17	67155.4687268078
1.3940828262825814e17	67155.46881932963
1.4200531816536818e17	67155.46893952809
1.4465073385216413e17	67155.46909490261
1.4734543096198374e17	67155.46929476294
1.5009032755797334e17	67155.4695506062
1.5288635880587357e17	67155.46987656278
1.557344772926135e17	67155.47028991565
1.5863565335085862e17	67155.47081170113
1.6159087538959226e17	67155.47146740467
1.6460115023085498e17	67155.47228776074
1.676675034527694e17	67155.47330966237
1.7079097973894304e17	67155.47457720076
1.739726432343799e17	67155.47614283486
1.7721357790803658e17	67155.47806871081
1.80514887922111e17	67155.48042813437
1.8387769800823232e17	67155.48330721403
1.8730315385064422e17	67155.48680667666
1.907924224765265e17	67155.49104386727
1.9434669265360144e17	67155.49615494345
1.9796717529513366e17	67155.5022972643
2.0165510387247443e17	67155.50965198156
2.0541173483530726e17	67155.51842683308
2.0923834803969792e17	67155.52885914115
2.1313624718414333e17	67155.54121900948
2.1710676025372714e17	67155.55581271344
2.2115123997254886e17	67155.57298627861
2.2527106426459734e17	67155.5931292306
2.2946763672319408e17	67155.6166785023
2.3374238708918125e17	67155.6441224817
2.380967717380368e17	67155.67600517457
2.4253227417603555e17	67155.71293045633
2.4705040554568205e17	67155.75556638271
2.5165270514053994e17	67155.80464952595
2.563407409296515e17	67155.86098929841
2.6111611009174515e17	67155.92547222211
2.659804395593764e17	67155.99906609947
2.709353865732049e17	67156.08282404258
2.7598263924661917e17	67156.17788830432
2.811239171408467e17	67156.28549386664
2.86360971850811e17	67156.40697172807
2.916955876018805e17	67156.54375183774
2.9712958185773344e17	67156.69736562218
3.026648059395683e17	67156.86944804757
3.0830314565682835e17	67157.06173916339
3.140465219496749e17	67157.27608507783
3.198968915434525e17	67157.51443830848
3.25856247615323e17	67157.77885746156
3.319266204733183e17	67158.07150619764
3.3811007824806957e17	67158.39465143527
3.4440872759738234e17	67158.75066076011
3.508247144239782e17	67159.14199900512
3.573602246065796e17	67159.57122397692
3.6401748474461376e17	67160.04098129875
3.7079876291681574e17	67160.553998368
3.777063694539372e17	67161.11307740955
3.847426577258498e17	67161.72108762666
3.919100249433418e17	67162.38095645567
3.992109129748054e17	67163.09565993774
4.066478091781846e17	67163.86821222249
4.1422324724839066e17	67164.70165424187
4.219398080805024e17	67165.59904157644
4.298001206490781e17	67166.56343156456
4.3780686290381754e17	67167.59786969937
4.459627626819087e17	67168.70537536548
4.5427059863740614e17	67169.88892698038
4.627332011878693e17	67171.15144661523
4.713534534786897e17	67172.4957841336
4.801342923653465e17	67173.92470098138
4.89078709413959e17	67175.44085364327
4.981897519205145e17	67177.04677690013
5.074705239490476e17	67178.74486694252
5.169241873891593e17	67180.53736445443
5.265539630332777e17	67182.42633772358
5.3636313167392454e17	67184.41366590397
5.4635503522148646e17	67186.50102250319
5.5653307784276634e17	67188.68985917143
5.6690072712074336e17	67190.98138991752
5.774615152359802e17	67193.37657580314
5.882190401699968e17	67195.87611021377
5.991769669310612e17	67198.48040478937
6.103390288028646e17	67201.18957610225
6.217090286163834e17	67204.00343311585
6.332908400455101e17	67206.92146554113
6.450884089267712e17	67209.94283315651
6.57105754603627e17	67213.0663560541
6.69346971295864e17	67216.29050603803
6.818162294944493e17	67219.6133990475
6.945177773823689e17	67223.03278877454
7.074559422819908e17	67226.5460613972
7.20635132129306e17	67230.15023162088
7.340598369757197e17	67233.84193981986
7.477346305177612e17	67237.61745059685
7.616641716552892e17	67241.47265234846
7.758532060787812e17	67245.40305842023
7.903065678861364e17	67249.40379568163
8.050291812295973e17	67253.46967572227
8.200260619934097e17	67257.59506429933
8.353023195026788e17	67261.77402254098
8.508631582640564e17	67266.00024642701
8.66713879738926e17	67270.26708870787
8.82859884149515e17	67274.5675682596
8.993066723187596e17	67278.8943806673
9.160598475443729e17	67283.23990975953
9.33125117507824e17	67287.59624022795
9.505082962189473e17	67291.95517113041
9.682153059967096e17	67296.30823034783
9.862521794868764e17	67300.64668983796
1.0046250617173444e18	67304.96158169396
1.0233402121916422e18	67309.24371496707
1.0424040070215537e18	67313.48369302384
1.0618229410993868e18	67317.67192517029
1.0816036303107094e18	67321.79866451144
1.1017528137883828e18	67325.85400904086
1.1222773562085094e18	67329.82792851624
1.1431842501291479e18	67333.71026925581
1.1644806183726902e18	67337.49079206231
1.1861737164524792e18	67341.1591855746
1.2082709350447734e18	67344.70511248932
1.2307798025066683e18	67348.11817881669
1.2537079874409196e18	67351.387974273
1.2770633013086395e18	67354.50410982379
1.3008537010905733e18	67357.45623243632
1.3250872919979512e18	67360.23404079284
1.3497723302339474e18	67362.82730483962
1.3749172258064205e18	67365.22584919221
1.4005305453932168e18	67367.41964044086
1.4266210152607414e18	67369.39874819516
1.4531975242368955e18	67371.15342176691
1.480269126739504e18	67372.67403628275
1.5078450458610542e18	67373.95116571123
1.5359346765108954e18	67374.97554165946
1.5645475886161021e18	67375.73813638298
1.5936935303817761e18	67376.23012300575
1.623382431612275e18	67376.44293943864
1.6536244070941855e18	67376.36825343304
1.6844297600423153e18	67375.99799511726
1.7158089856099996e18	67375.32437732216
1.7477727744646843e18	67374.33986387764
1.780332016430112e18	67373.03724763734
1.8134978041965028e18	67371.40960815079
1.847281437099636e18	67369.45033549496
1.8816944249705518e18	67367.15316603701
1.9167484920568207e18	67364.5121316006
1.952455581016861e18	67361.52161374383
1.9888278569888036e18	67358.17633679677
2.0258777117350213e18	67354.47134625095
2.0636177678638566e18	67350.40207179512
2.102060883130167e18	67345.96428074653
2.1412201548157315e18	67341.15413500785
2.1811089241915154e18	67335.96813939013
2.2217407810628915e18	67330.40318255973
2.2631295683995297e18	67324.45651482546
2.3052893870517012e18	67318.12579059908
2.348234600554281e18	67311.40904562897
2.3919798400202373e18	67304.30470821183
2.436540009125456e18	67296.81160382247
2.481930289186258e18	67288.92895745106
2.5281661443314954e18	67280.65640144222
2.575263326771209e18	67271.99399130825
2.6232378821631237e18	67262.94216533702
2.672106155079427e18	67253.5018023384
2.721884794575185e18	67243.67418401407
2.772590759860481e18	67233.46103730291
2.824241326078424e18	67222.86450316604
2.876854090190597e18	67211.88713861724
2.9304469769721385e18	67200.53193190489
2.9850382451187415e18	67188.80229634313
3.0406464934670684e18	67176.70206836834
3.0972906673314007e18	67164.2355048778
3.154990064958095e18	67151.4072834556
3.2137643441002757e18	67138.22249327907
3.2736335287152343e18	67124.68660762318
3.3346180157863695e18	67110.80552599698
3.396738582272203e18	67096.58552332479
3.460016392185123e18	67082.03325443473
3.5244730038015877e18	67067.15573890472
3.590130377007061e18	67051.96034838818
3.6570108807775007e18	67036.45479181503
3.7251373008002094e18	67020.64709869685
3.7945328472369265e18	67004.54560251483
3.8652211626312694e18	66988.15892101635
3.9372263299634755e18	66971.4959319833
4.010572880855512e18	66954.56576675887
4.085285803928565e18	66937.37778166728
4.1613905533166986e18	66919.94152119361
4.238913057338792e18	66902.26671358856
4.317879727332021e18	66884.36324125058
4.3983174666502103e18	66866.24111780929
4.480253679829499e18	66847.9104644253
4.563716281924754e18	66829.38148672687
4.648733708020275e18	66810.66445078184
4.735334922917121e18	66791.7696616077
4.823549431001458e18	66772.7074398739
4.913407286296377e18	66753.48810109652
5.004939102700954e18	66734.12193582885
5.098176064420409e18	66714.61918676796
5.193149936590223e18	66694.99002735883
5.289893076098145e18	66675.24455819945
5.388438442608246e18	66655.39277790631
5.488819609789678e18	66635.44456767107
5.591070776755282e18	66615.40968292172
5.695226779712843e18	66595.2977374564
5.801323103833379e18	66575.11819426615
5.909395895340953e18	66554.88035373678
6.019481973827287e18	66534.59334623303
6.131618844795769e18	66514.26612397331
6.245844712439592e18	66493.90745612056
6.362198492657495e18	66473.52592300395
6.480719826311958e18	66453.12991245021
6.60144909273491e18	66432.727618836
6.724427423484249e18	66412.32704003753
6.849696716357426e18	66391.93597765289
6.977299649665552e18	66371.56203707347
7.107279696773412e18	66351.21262964247
7.239681140910847e18	66330.89497397144
7.374549090259561e18	66310.61609883337
7.511929493320953e18	66290.38284656918
7.651869154570849e18	66270.20187643533
7.794415750404951e18	66250.07966933996
7.93961784538226e18	66230.02252875378
8.087524908770474e18	66210.03659597253
8.238187331399601e18	66190.1278459737
8.391656442830127e18	66170.30209005416
8.547984528840422e18	66150.56498841761
8.707224849239904e18	66130.92205210085
8.86943165601474e18	66111.37864813796
9.034660211810534e18	66091.94000597911
9.202966808760391e18	66072.61122025705
9.37440878766302e18	66053.39725760932
9.549044557518078e18	66034.30296045571
9.726933615426138e18	66015.3330543488
9.908136566858686e18	65996.4921428863
1.0092715146305698e19	65977.78471449521
1.028073223830869e19	65959.2151615347
1.0472251898884354e19	65940.78777252391
1.0667339377348549e19	65922.50672735521
1.0866061138546002e19	65904.37610338177
1.106848488549412e19	65886.39988303787
1.1274679582449426e19	65868.58196223067
1.1484715478402914e19	65850.92614173207
1.1698664131013057e19	65833.43613180952
1.1916598430985636e19	65816.1155551269
1.213859262690629e19	65798.9679469799
1.2364722350537126e19	65781.99675742013
1.2595064642583615e19	65765.20535326526
1.2829697978941475e19	65748.5970187163
1.3068702297433424e19	65732.17495488959
1.3312159025043104e19	65715.94229256951
1.356015110565632e19	65699.90208250086
1.3812763028320152e19	65684.0573009822
1.4070080856026864e19	65668.41086569283
1.433219225503571e19	65652.96563838245
1.4599186524739832e19	65637.72443756802
1.4871154628089539e19	65622.6900570466
1.514818922258341e19	65607.86529104343
1.5430384691835677e19	65593.25296766801
1.5717837177731613e19	65578.85599538288
1.6010644613183242e19	65564.67742619681
1.6308906755493343e19	65550.7205395468
1.6612725220342897e19	65536.98895250412
1.6922203516410425e19	65523.48676608096
1.7237447080636199e19	65510.218753343084
1.7558563314144635e19	65497.19060226701
1.7885661618834655e19	65484.409224512216
1.8218853434651652e19	65471.88314537545
1.8558252277555114e19	65459.62299185897
1.8903973778192232e19	65447.64209683154
1.925613572129195e19	65435.957238883224
1.9614858085794374e19	65424.5895495169
1.9980263085725508e19	65413.56561457164
2.0352475211835716e19	65402.91877739799
2.0731621274012353e19	65392.6906476722
2.111783044448242e19	65382.93296478872
2.1511234301821583e19	65373.70971476535
2.1911966875781517e19	65365.09958259579
2.23201646929523e19	65357.19874917322
2.2735966823277244e19	65350.12406662346
2.3159514927431545e19	65344.01665548747
2.359095330508629e19	65339.045897666576
2.4030428944069743e19	65335.413850006014
2.4478091570444403e19	65333.36007617341
2.49340936995187e19	65333.16689493516
2.539859068780729e19	65335.16499597666
2.5871740785959186e19	65339.73947749338
2.6353705192674038e19	65347.33613931783
2.684464810961965e19	65358.46810842936
2.734473679737574e19	65373.72267864952
2.7854141632417747e19	65393.76832049572
2.8373036165162115e19	65419.36178141891
2.8901597179095e19	65451.3552371904
2.9440004751000396e19	65490.703403611624
2.9988442312310247e19	65538.47056254155
3.0547096711599804e19	65595.83740185408
3.111615827824363e19	65664.10770126648
3.1695820887261086e19	65744.71477988866
3.22862820253674e19	65839.22767238278
3.28877428582551e19	65949.35706471455
3.3500408299131224e19	66076.96100980464
3.4124487078528963e19	66224.05044844
3.476019181541974e19	66392.7946017011
3.5407739089652842e19	66585.52630820549
3.6067349515740316e19	66804.74748669301
3.6739247818020667e19	67053.13419738904
3.742366290721992e19	67333.543281798
3.812082795843888e19	67649.01754971853
3.8830980490595934e19	68002.79273133271
3.95543624473471e19	68398.30436279204
4.029122027951344e19	68839.19526143062
4.104180502904726e19	69329.32344202166
4.180637241455762e19	69872.77035663847
4.258518291843406e19	70473.84923604467
4.337850187559002e19	71137.11309065085
4.418659956385941e19	71867.36188432004
4.500975129608033e19	72669.64797369801
4.584823751389105e19	73549.27872923695
4.670234388327331e19	74511.81474753686
4.75723613918787e19	75563.06150946161
4.8458586448165e19	76709.05179684142
4.936132098237907e19	77956.0150806393
5.0280872549424955e19	79310.32913273505
5.121755443364241e19	80778.44762778004
5.217168575554333e19	82366.79573809332
5.314359158053252e19	84081.62347353889
5.413360302965376e19	85928.80395057307
5.514205739240279e19	87913.5605536425
5.6169298241638154e19	90040.1034565789
5.72156755506324e19	92311.15213089154
5.828154581230864e19	94727.3168980989
5.9367272160691266e19	97286.30985079461
6.047322449462631e19	99981.95509478136
6.159977960380181e19	102802.97215608529
6.274732129711574e19	105731.51781933074
6.391624053343979e19	108741.49504427741
6.510693555481468e19	111796.67839159998
6.631981202212662e19	114848.76973257892
6.7555283153316676e19	117835.59081625871
6.88137698641567e19	120679.73949375551
7.0095700911656034e19	123288.17334875886
7.140151304013418e19	125553.30715271244
7.273165113001454e19	127356.26323025668
7.408656834939537e19	128572.81694811524
7.546672630843902e19	129082.24885021431
7.68725952166372e19	128778.70645292295
7.830465404301215e19	127583.85400434707
7.97633906792928e19	125458.76301403293
8.124930210614031e19	122412.52071606103
8.27628945624637e19	118505.2555216573
8.430468371788967e19	113844.32701065825
8.587519484845144e19	108574.05288501004
8.747496301554434e19	102860.96366040628
8.910453324821504e19	96877.55907083927
9.076446072885394e19	90787.55468788435
9.245531098233579e19	84734.77303957604
9.4177660068695e19	78836.59912561385
9.593209477938271e19	73181.78060967087
9.771921283717997e19	67831.61781258466
9.953962309984204e19	62823.32194513954
1.0139394576752938e20	58174.408237461896
1.0328281259410275e20	53887.264540586424
1.0520686710236271e20	49953.35100881913
1.0716676480328643e20	46356.75637293791
1.0916317341936126e20	43077.02939720337
1.1119677311207024e20	40091.321223727995
1.1326825671361538e20	37375.932900746346
1.1537832996296573e20	34907.381647181086
1.1752771174629476e20	32663.09607930836
1.1971713434189657e20	30621.83650481743
1.2194734366967433e20	28763.91839969187
1.2421909954526187e20	27071.299882502837
1.2653317593889404e20	25527.57862077913
1.2889036123908968e20	24117.931363761825
1.3129145852124653e20	22829.019532908726
1.3373728582124922e20	21648.87707685062
1.3622867641416496e20	20566.79150036223
1.3876647909813071e20	19573.185151366502
1.4135155848353898e20	18659.501118228764
1.4398479528760096e20	17818.096269074307
1.4666708663439655e20	17042.142766173558
1.4939934636052624e20	16325.538440256532
1.521825053264387e20	15662.826029339243
1.5501751173357656e20	15049.120823782385
1.579053314474179e20	14480.04621297783
1.6084694832653553e20	13951.676443727738
1.638433645577978e20	13460.485914951467
1.6689560099780264e20	13003.30434773379
1.7000469752067146e20	12577.277189618073
1.73171713372336e20	12179.830667901248
1.7639772753140453e20	11808.640939963627
1.7968383907677156e20	11461.606882250757
1.8303116756206168e20	11136.82605718959
1.8644085339704852e20	10832.573486284004
1.899140582361928e20	10547.282886719282
1.9345196537440482e20	10279.530085471817
1.9705578015017963e20	10028.01830232466
2.0072673035625765e20	9791.56513945849
2.0446606665791177e20	9569.091016331524
2.08275063019051e20	9359.60889990651
2.1215501713624567e20	9162.21516868908
2.1610725088083765e20	8976.081489034374
2.2013311074930233e20	8800.44755358459
2.2423396832198495e20	8634.614616756166
2.284112207303821e20	8477.939702838947
2.3266629113314676e20	8329.830434013467
2.3700062920093303e20	8189.7403901437465
2.414157116103013e20	8057.164948136948
2.4591304254680515e20	7931.637540326788
2.5049415421745024e20	7812.726298051385
2.551606073727176e20	7700.031019731463
2.5991399183829382e20	7593.180446879751
2.647559270567064e20	7491.829798901127
2.6968806263907035e20	7395.658543958072
2.7471207892708144e20	7304.36839454821
2.79829687565511e20	7217.681473625653
2.8504263208534432e20	7135.338670536809
2.9035268849778137e20	7057.098131089015
2.9576166589932444e20	6982.733903387185
3.01271407088117e20	6912.034687710316
3.068837891917639e20	6844.802715589837
3.1260072430687165e20	6780.8527134436845
3.184241601504656e20	6720.010965508306
3.243560807235805e20	6662.114453057491
3.303985069871868e20	6607.010075996133
3.3655349755070946e20	6554.553925573479
3.42823149373396e20	6504.61063342749
3.4920959847872784e20	6457.052765222623
3.557150206821382e20	6411.760267602385
3.623416323323135e20	6368.619956722275
3.690916910662782e20	6327.52505352976
3.75967496578546e20	6288.374754947166
3.829713914046293e20	6251.07383167694
3.901057617190993e20	6215.532265509018
3.9737303814855963e20	6181.664912656643
4.0477569659973304e20	6149.391190063922
4.123162591029748e20	6118.63478801845
4.199972946715289e20	6089.323403972235
4.2782142017676214e20	6061.388495913422
4.357913012397021e20	6034.765052379456
4.439096531392184e20	6009.391379445579
4.521792417370702e20	5985.20890683268
4.606028844202389e20	5962.162002691203
4.6918345106078086e20	5940.197801929727
4.779238649935595e20	5919.266048011788
4.868271040122264e20	5899.31895230406
4.9589620138372216e20	5880.311044208262
5.051342468816756e20	5862.199052740198
5.1454438783909455e20	5844.941780504936
5.2412983022060614e20	5828.499995877677
5.338938397147339e20	5812.836324150793
5.438397428464813e20	5797.915153932649
5.5397092811064004e20	5783.702539945594
5.642908471262519e20	5770.166120595898
5.748030158125363e20	5757.2750347846895
5.855110155867232e20	5744.999846299449
5.964184945842485e20	5733.312476754082
6.075291689016078e20	5722.186126218465
6.18846823862437e20	5711.595225114445
6.303753153071295e20	5701.515363751449
6.421185709064758e20	5691.923240410098
6.540805914998233e20	5682.796606810018
6.662654524581164e20	5674.114215610675
6.786773050723288e20	5665.855781560439
6.913203779678156e20	5658.001925945842
7.041989785449296e20	5650.53414106539
7.173174944465599e20	5643.434747281507
7.306803950529522e20	5636.6868535172825
7.442922330043759e20	5630.274327110281
7.581576457522087e20	5624.181750699893
7.722813571388658e20	5618.394397248923
7.866681790071574e20	5612.898196938021
8.013230128396919e20	5607.679702314312
8.162508514287237e20	5602.726069864016
8.314567805772047e20	5598.025025060309
8.469459808314611e20	5593.564842324848
8.627237292461451e20	5589.334318436604
8.787954011821293e20	5585.322747472876
8.95166472137832e20	5581.519904652555
9.118425196146562e20	5577.916019375082
9.288292250172537e20	5574.5017594387045
9.461323755890779e20	5571.2682082228985
9.63757866384107e20	5568.206850922015
9.817117022752224e20	5565.309553096097
1.0e21	5562.5685451936415
