z	E
0.4	1.0e21
0.3995995995995996	8.698621273408042e20
0.3991991991991992	7.568400476595227e20
0.3987987987987988	6.587315647615656e20
0.3983983983983984	5.7362781879576035e20
0.397997997997998	4.998749691801018e20
0.3975975975975976	4.360402969678445e20
0.3971971971971972	3.808818926149701e20
0.3967967967967968	3.3332122847744334e20
0.3963963963963964	2.9241813050939605e20
0.395995995995996	2.5734798533663015e20
0.3955955955955956	2.273814216657342e20
0.3951951951951952	2.0186707592823285e20
0.3947947947947948	1.802181966191962e20
0.3943943943943944	1.6190357915088686e20
0.393993993993994	1.4644264751235311e20
0.3935935935935936	1.33403673571958e20
0.3931931931931932	1.224035640676039e20
0.3927927927927928	1.1310763412141792e20
0.3923923923923924	1.0522828210636179e20
0.391991991991992	9.852218143622354e19
0.39159159159159157	9.278618759059431e19
0.39119119119119117	8.78524629211906e19
0.39079079079079077	8.358336472824857e19
0.39039039039039036	7.986652964512565e19
0.38998998998999	7.661042545297646e19
0.3895895895895896	7.37404958025233e19
0.3891891891891892	7.119591931616054e19
0.3887887887887888	6.8926942649203974e19
0.3883883883883884	6.689271744015836e19
0.387987987987988	6.505956235057419e19
0.3875875875875876	6.33995744280142e19
0.3871871871871872	6.188952260971555e19
0.3867867867867868	6.050996657911007e19
0.3863863863863864	5.924455440484358e19
0.385985985985986	5.807946150328441e19
0.3855855855855856	5.700294116083309e19
0.3851851851851852	5.600496315261943e19
0.3847847847847848	5.507692203777307e19
0.3843843843843844	5.421140069505345e19
0.383983983983984	5.340197779373945e19
0.3835835835835836	5.264307032942558e19
0.3831831831831832	5.192980425499938e19
0.38278278278278277	5.1257907714154996e19
0.38238238238238237	5.062362253518525e19
0.38198198198198197	5.0023630540066185e19
0.38158158158158156	4.9454991925366055e19
0.38118118118118116	4.891509352156855e19
0.38078078078078076	4.840160517010266e19
0.38038038038038036	4.791244279895451e19
0.37997997997997995	4.7445737048382644e19
0.3795795795795796	4.699980651351545e19
0.3791791791791792	4.657313484247579e19
0.3787787787787788	4.616435106643417e19
0.3783783783783784	4.577221264883806e19
0.377977977977978	4.539559083060332e19
0.3775775775775776	4.503345792065612e19
0.3771771771771772	4.468487624030708e19
0.3767767767767768	4.434898847821422e19
0.3763763763763764	4.402500925227319e19
0.375975975975976	4.371221770734182e19
0.3755755755755756	4.340995100459838e19
0.3751751751751752	4.311759858061307e19
0.3747747747747748	4.283459707273297e19
0.3743743743743744	4.256042582282552e19
0.37397397397397397	4.229460288434686e19
0.37357357357357357	4.203668146854361e19
0.37317317317317317	4.178624677472216e19
0.37277277277277276	4.15429131572225e19
0.37237237237237236	4.130632158825359e19
0.37197197197197196	4.107613738128193e19
0.37157157157157156	4.085204814437517e19
0.37117117117117115	4.0633761936921936e19
0.37077077077077075	4.04210056065874e19
0.37037037037037035	4.021352328635475e19
0.36996996996996995	4.001107503399214e19
0.36956956956956954	3.9813435597812376e19
0.36916916916916914	3.962039329684795e19
0.3687687687687688	3.943174900222404e19
0.3683683683683684	3.924731520785299e19
0.367967967967968	3.906691518451947e19
0.3675675675675676	3.8890382206826775e19
0.3671671671671672	3.871755884523984e19
0.3667667667667668	3.854829631845097e19
0.3663663663663664	3.8382453899272856e19
0.365965965965966	3.821989836913765e19
0.3655655655655656	3.8060503516618334e19
0.3651651651651652	3.7904149675875795e19
0.36476476476476477	3.775072330136456e19
0.36436436436436437	3.7600116575510086e19
0.36396396396396397	3.745222704640645e19
0.36356356356356356	3.730695729288155e19
0.36316316316316316	3.716421461454138e19
0.36276276276276276	3.702391074464033e19
0.36236236236236236	3.68859615838342e19
0.36196196196196195	3.6750286953059295e19
0.36156156156156155	3.6616810363948265e19
0.36116116116116115	3.6485458805342376e19
0.36076076076076075	3.6356162544593887e19
0.36036036036036034	3.6228854942472e19
0.35995995995995994	3.6103472280593568e19
0.35955955955955954	3.5979953600396657e19
0.35915915915915914	3.5858240552762073e19
0.35875875875875873	3.57382772574666e19
0.35835835835835833	3.562001017176898e19
0.357957957957958	3.5503387967445148e19
0.3575575575575576	3.538836141496103e19
0.3571571571571572	3.527488327605773e19
0.3567567567567568	3.5162908202142065e19
0.3563563563563564	3.5052392639116214e19
0.35595595595595597	3.494329473797252e19
0.35555555555555557	3.4835574270747697e19
0.35515515515515517	3.472919255146317e19
0.35475475475475476	3.462411236170771e19
0.35435435435435436	3.452029788054551e19
0.35395395395395396	3.441771461845738e19
0.35355355355355356	3.4316329355045085e19
0.35315315315315315	3.4216110080249565e19
0.35275275275275275	3.4117025938852282e19
0.35235235235235235	3.4019047178046403e19
0.35195195195195195	3.392214509788009e19
0.35155155155155154	3.382629200438873e19
0.35115115115115114	3.3731461165246194e19
0.35075075075075074	3.363762676777742e19
0.35035035035035034	3.3544763879185842e19
0.34994994994994993	3.345284840885954e19
0.34954954954954953	3.3361857072629436e19
0.34914914914914913	3.3271767358861742e19
0.3487487487487487	3.3182557496274862e19
0.3483483483483483	3.3094206423378493e19
0.3479479479479479	3.3006693759439507e19
0.3475475475475476	3.291999977688567e19
0.3471471471471472	3.2834105375064048e19
0.34674674674674677	3.274899205527654e19
0.34634634634634637	3.26646418970199e19
0.34594594594594597	3.258103753523823e19
0.34554554554554556	3.249816213912151e19
0.34514514514514516	3.2415999391269347e19
0.34474474474474476	3.2334533468162966e19
0.34434434434434436	3.2253749021517345e19
0.34394394394394395	3.217363116046525e19
0.34354354354354355	3.2094165434677854e19
0.34314314314314315	3.2015337817774166e19
0.34274274274274275	3.1937134692114047e19
0.34234234234234234	3.1859542833925743e19
0.34194194194194194	3.1782549399112462e19
0.34154154154154154	3.170614190970361e19
0.34114114114114114	3.163030824089383e19
0.34074074074074073	3.1555036608639926e19
0.34034034034034033	3.1480315557787607e19
0.33993993993993993	3.140613395070143e19
0.3395395395395395	3.133248095637306e19
0.3391391391391391	3.125934603998417e19
0.3387387387387387	3.1186718952901755e19
0.3383383383383383	3.111458972308486e19
0.3379379379379379	3.1042948645882855e19
0.3375375375375375	3.0971786275206468e19
0.3371371371371371	3.090109341505393e19
0.33673673673673676	3.083086111137536e19
0.33633633633633636	3.07610806442596e19
0.33593593593593596	3.0691743520428438e19
0.33553553553553556	3.0622841466024047e19
0.33513513513513515	3.0554366419676107e19
0.33473473473473475	3.048631052583591e19
0.33433433433433435	3.0418666128365326e19
0.33393393393393395	3.0351425764369138e19
0.33353353353353354	3.0284582158259925e19
0.33313313313313314	3.021812821604509e19
0.33273273273273274	3.015205701982629e19
0.33233233233233234	3.0086361822501945e19
0.33193193193193193	3.0021036042663952e19
0.33153153153153153	2.995607325968025e19
0.33113113113113113	2.9891467208955224e19
0.3307307307307307	2.982721177736034e19
0.3303303303303303	2.976330099882781e19
0.3299299299299299	2.9699729050100425e19
0.3295295295295295	2.963649024663095e19
0.3291291291291291	2.9573579038624915e19
0.3287287287287287	2.9510990007220875e19
0.3283283283283283	2.944871786080241e19
0.3279279279279279	2.9386757431436554e19
0.3275275275275275	2.9325103671433503e19
0.3271271271271271	2.9263751650022662e19
0.3267267267267267	2.9202696550140424e19
0.3263263263263263	2.9141933665325187e19
0.32592592592592595	2.9081458396715352e19
0.32552552552552555	2.902126625014627e19
0.32512512512512515	2.8961352833342235e19
0.32472472472472474	2.8901713853199835e19
0.32432432432432434	2.8842345113159135e19
0.32392392392392394	2.8783242510659277e19
0.32352352352352354	2.872440203467529e19
0.32312312312312313	2.866581976333303e19
0.32272272272272273	2.860749186159927e19
0.32232232232232233	2.854941457904411e19
0.3219219219219219	2.8491584247673053e19
0.3215215215215215	2.8433997279826088e19
0.3211211211211211	2.837665016614134e19
0.3207207207207207	2.831953947358093e19
0.3203203203203203	2.8262661843516715e19
0.3199199199199199	2.82060139898738e19
0.3195195195195195	2.8149592697329676e19
0.3191191191191191	2.809339481956702e19
0.3187187187187187	2.803741727754973e19
0.3183183183183183	2.7981657057850495e19
0.3179179179179179	2.792611121144622e19
0.3175175175175175	2.787077685143438e19
0.3171171171171171	2.781565115206334e19
0.3167167167167167	2.7760731347127996e19
0.3163163163163163	2.7706014728548614e19
0.3159159159159159	2.7651498644989972e19
0.3155155155155155	2.7597180500519465e19
0.31511511511511514	2.7543057753302807e19
0.31471471471471474	2.748912791433611e19
0.31431431431431434	2.7435388546213077e19
0.31391391391391393	2.7381837261926154e19
0.31351351351351353	2.732847172370049e19
0.31311311311311313	2.727528964185964e19
0.3127127127127127	2.7222288773721977e19
0.3123123123123123	2.716946692252676e19
0.3119119119119119	2.7116821936388952e19
0.3115115115115115	2.706435170728181e19
0.3111111111111111	2.7012054170046382e19
0.3107107107107107	2.6959927301427032e19
0.3103103103103103	2.6907969119132172e19
0.3099099099099099	2.6856177680919405e19
0.3095095095095095	2.6804551083704308e19
0.3091091091091091	2.6753087462692106e19
0.3087087087087087	2.670178499053154e19
0.3083083083083083	2.6650641876490207e19
0.3079079079079079	2.659965636565078e19
0.3075075075075075	2.654882673812738e19
0.3071071071071071	2.6498151308301554e19
0.3067067067067067	2.644762842407722e19
0.3063063063063063	2.6397256466154058e19
0.3059059059059059	2.634703384731872e19
0.3055055055055055	2.629695901175342e19
0.3051051051051051	2.6247030434361287e19
0.30470470470470473	2.6197246620108083e19
0.30430430430430433	2.6147606103379743e19
0.3039039039039039	2.6098107447355286e19
0.3035035035035035	2.6048749243394683e19
0.3031031031031031	2.5999530110441214e19
0.3027027027027027	2.5950448694437913e19
0.3023023023023023	2.5901503667757703e19
0.3019019019019019	2.5852693728646832e19
0.3015015015015015	2.5804017600681226e19
0.3011011011011011	2.57554740322354e19
0.3007007007007007	2.5707061795963605e19
0.3003003003003003	2.5658779688292815e19
0.2998998998998999	2.5610626528927285e19
0.2994994994994995	2.5562601160364323e19
0.2990990990990991	2.5514702447420998e19
0.2986986986986987	2.546692927677147e19
0.2982982982982983	2.541928055649467e19
0.2978978978978979	2.537175521563203e19
0.2974974974974975	2.5324352203755037e19
0.2970970970970971	2.527707049054229e19
0.2966966966966967	2.522990906536588e19
0.2962962962962963	2.5182866936886804e19
0.2958958958958959	2.513594313265917e19
0.2954954954954955	2.508913669874302e19
0.2950950950950951	2.5042446699325485e19
0.29469469469469467	2.4995872216350097e19
0.29429429429429427	2.4949412349154062e19
0.2938938938938939	2.490306621411324e19
0.2934934934934935	2.4856832944294703e19
0.2930930930930931	2.4810711689116647e19
0.2926926926926927	2.4764701614015455e19
0.2922922922922923	2.47188019001198e19
0.2918918918918919	2.4673011743931548e19
0.2914914914914915	2.4627330357013328e19
0.2910910910910911	2.458175696568262e19
0.2906906906906907	2.4536290810712162e19
0.2902902902902903	2.4490931147036574e19
0.2898898898898899	2.444567724346501e19
0.2894894894894895	2.4400528382399726e19
0.2890890890890891	2.4355483859560395e19
0.2886886886886887	2.431054298371408e19
0.2882882882882883	2.426570507641067e19
0.2878878878878879	2.4220969471723725e19
0.2874874874874875	2.4176335515996533e19
0.2870870870870871	2.4131802567593325e19
0.2866866866866867	2.408736999665549e19
0.2862862862862863	2.404303718486268e19
0.28588588588588587	2.3998803525198725e19
0.28548548548548547	2.3954668421722223e19
0.28508508508508507	2.391063128930998e19
0.28468468468468466	2.386669155337336e19
0.28428428428428426	2.3822848650022638e19
0.28388388388388386	2.377910202541139e19
0.28348348348348346	2.3735451135687602e19
0.2830830830830831	2.3691895446790242e19
0.2826826826826827	2.364843443424989e19
0.2822822822822823	2.3605067582993277e19
0.2818818818818819	2.356179438715165e19
0.2814814814814815	2.3518614349872935e19
0.2810810810810811	2.347552698313755e19
0.2806806806806807	2.3432531807577846e19
0.2802802802802803	2.338962835230107e19
0.2798798798798799	2.3346816154715787e19
0.2794794794794795	2.3304094760361697e19
0.2790790790790791	2.326146372274275e19
0.2786786786786787	2.321892260316354e19
0.2782782782782783	2.317647097056886e19
0.2778778778778779	2.313410840138638e19
0.2774774774774775	2.30918344793724e19
0.27707707707707707	2.3049648795460563e19
0.27667667667667667	2.300755094761355e19
0.27627627627627627	2.2965540540677616e19
0.27587587587587586	2.2923617186239963e19
0.27547547547547546	2.288178050248888e19
0.27507507507507506	2.2840030114076578e19
0.27467467467467466	2.279836565198471e19
0.27427427427427425	2.275678675339248e19
0.27387387387387385	2.27152930615473e19
0.27347347347347345	2.267388422563798e19
0.27307307307307305	2.2632559900670353e19
0.2726726726726727	2.259131974734533e19
0.2722722722722723	2.2550163431939297e19
0.2718718718718719	2.2509090626186854e19
0.2714714714714715	2.246810100716583e19
0.2710710710710711	2.242719425718451e19
0.2706706706706707	2.2386370063671083e19
0.2702702702702703	2.234562811906521e19
0.2698698698698699	2.230496812071173e19
0.2694694694694695	2.2264389770756403e19
0.2690690690690691	2.2223892776043733e19
0.2686686686686687	2.218347684801673e19
0.2682682682682683	2.2143141702618665e19
0.26786786786786787	2.2102887060196745e19
0.26746746746746747	2.2062712645407646e19
0.26706706706706707	2.202261818712492e19
0.26666666666666666	2.198260341834822e19
0.26626626626626626	2.1942668076114293e19
0.26586586586586586	2.190281190140973e19
0.26546546546546546	2.1863034639085433e19
0.26506506506506505	2.1823336037772775e19
0.26466466466466465	2.1783715849801404e19
0.26426426426426425	2.174417383111868e19
0.26386386386386385	2.170470974121071e19
0.26346346346346344	2.1665323343024947e19
0.26306306306306304	2.1626014402911277e19
0.26266266266266264	2.1586782690564555e19
0.26226226226226224	2.154762797871447e19
0.2618618618618619	2.1508550043495055e19
0.2614614614614615	2.146954866405234e19
0.2610610610610611	2.1430623622560625e19
0.2606606606606607	2.1391774704172368e19
0.2602602602602603	2.1353001696969298e19
0.2598598598598599	2.131430439165909e19
0.2594594594594595	2.127568258195601e19
0.25905905905905907	2.1237136064194433e19
0.25865865865865867	2.1198664637353607e19
0.25825825825825827	2.116026810299822e19
0.25785785785785786	2.1121946265220174e19
0.25745745745745746	2.1083698930581537e19
0.25705705705705706	2.104552590805867e19
0.25665665665665666	2.1007427008987517e19
0.25625625625625625	2.096940204701e19
0.25585585585585585	2.093145083802153e19
0.25545545545545545	2.08935732001196e19
0.25505505505505505	2.085576895355345e19
0.25465465465465464	2.0818037920674775e19
0.25425425425425424	2.0780379925889462e19
0.25385385385385384	2.0742794795610333e19
0.25345345345345344	2.0705282358210884e19
0.25305305305305303	2.066784244397999e19
0.25265265265265263	2.0630474885077553e19
0.25225225225225223	2.0593179515491127e19
0.2518518518518518	2.0555956170993414e19
0.2514514514514514	2.0518804689100685e19
0.2510510510510511	2.0481724909032096e19
0.2506506506506507	2.0444716671669846e19
0.2502502502502503	2.040777981952022e19
0.24984984984984984	2.037091419667545e19
0.24944944944944944	2.0334119648776385e19
0.24904904904904904	2.0297396022976004e19
0.24864864864864866	2.0260743167903683e19
0.24824824824824826	2.022416093363026e19
0.24784784784784786	2.018764917163386e19
0.24744744744744746	2.0151207734766457e19
0.24704704704704705	2.0114836477221167e19
0.24664664664664665	2.0078535254500282e19
0.24624624624624625	2.0042303923383992e19
0.24584584584584585	2.0006142341899792e19
0.24544544544544544	1.997005036929259e19
0.24504504504504504	1.993402786599546e19
0.24464464464464464	1.989807469360106e19
0.24424424424424424	1.9862190714833682e19
0.24384384384384383	1.982637579352195e19
0.24344344344344343	1.9790629794572104e19
0.24304304304304306	1.9754952583941902e19
0.24264264264264265	1.9719344028615127e19
0.24224224224224225	1.968380399657665e19
0.24184184184184185	1.9648332356788085e19
0.24144144144144145	1.961292897916398e19
0.24104104104104104	1.957759373454858e19
0.24064064064064064	1.95423264946931e19
0.24024024024024024	1.9507127132233548e19
0.23983983983983984	1.9471995520669037e19
0.23943943943943943	1.9436931534340633e19
0.23903903903903903	1.940193504841066e19
0.23863863863863863	1.936700593884254e19
0.23823823823823823	1.933214408238104e19
0.23783783783783785	1.9297349356533064e19
0.23743743743743745	1.926262163954882e19
0.23703703703703705	1.9227960810403512e19
0.23663663663663664	1.9193366748779397e19
0.23623623623623624	1.9158839335048327e19
0.23583583583583584	1.9124378450254676e19
0.23543543543543544	1.9089983976098697e19
0.23503503503503503	1.905565579492027e19
0.23463463463463463	1.9021393789683057e19
0.23423423423423423	1.898719784395902e19
0.23383383383383383	1.8953067841913356e19
0.23343343343343342	1.8919003668289745e19
0.23303303303303302	1.8885005208396026e19
0.23263263263263262	1.8851072348090175e19
0.23223223223223224	1.8817204973766656e19
0.23183183183183184	1.8783402972343103e19
0.23143143143143144	1.874966623124734e19
0.23103103103103104	1.8715994638404714e19
0.23063063063063063	1.8682388082225775e19
0.23023023023023023	1.8648846451594228e19
0.22982982982982983	1.8615369635855213e19
0.22942942942942943	1.8581957524803887e19
0.22902902902902902	1.8548610008674284e19
0.22862862862862862	1.851532697812847e19
0.22822822822822822	1.8482108324245967e19
0.22782782782782782	1.8448953938513457e19
0.22742742742742741	1.8415863712814758e19
0.22702702702702704	1.8382837539421047e19
0.22662662662662664	1.8349875310981345e19
0.22622622622622623	1.8316976920513255e19
0.22582582582582583	1.8284142261393936e19
0.22542542542542543	1.8251371227351325e19
0.22502502502502503	1.8218663712455574e19
0.22462462462462462	1.818601961111074e19
0.22422422422422422	1.8153438818046675e19
0.22382382382382382	1.8120921228311144e19
0.22342342342342342	1.8088466737262152e19
0.22302302302302301	1.8056075240560476e19
0.2226226226226226	1.8023746634162414e19
0.2222222222222222	1.7991480814331458e19
0.22182182182182184	1.795927767766884e19
0.22142142142142143	1.7927137120881994e19
0.22102102102102103	1.7895059041040531e19
0.22062062062062063	1.7863043335476142e19
0.22022022022022023	1.783108990177645e19
0.21981981981981982	1.7799198637779044e19
0.21941941941941942	1.7767369441565676e19
0.21901901901901902	1.7735602211456616e19
0.21861861861861862	1.7703896846005174e19
0.2182182182182182	1.767225324399237e19
0.2178178178178178	1.7640671304421767e19
0.2174174174174174	1.7609150926514446e19
0.217017017017017	1.757769200970412e19
0.2166166166166166	1.7546294453632397e19
0.21621621621621623	1.7514958158144182e19
0.21581581581581583	1.7483683023283202e19
0.21541541541541542	1.7452468949287676e19
0.21501501501501502	1.74213158365861e19
0.21461461461461462	1.739022358579317e19
0.21421421421421422	1.7359192097705808e19
0.2138138138138138	1.7328221273299327e19
0.2134134134134134	1.7297311013723697e19
0.213013013013013	1.7266461220299928e19
0.2126126126126126	1.723567179451656e19
0.2122122122122122	1.7204942638026267e19
0.2118118118118118	1.7174273652642558e19
0.2114114114114114	1.7143664740336579e19
0.21101101101101102	1.7113115803138322e19
0.21061061061061062	1.7082626743401708e19
0.21021021021021022	1.7052197463571747e19
0.20980980980980982	1.702182786622013e19
0.2094094094094094	1.699151785406164e19
0.209009009009009	1.696126732995151e19
0.2086086086086086	1.6931076196882878e19
0.2082082082082082	1.6900944357984303e19
0.2078078078078078	1.6870871716517376e19
0.2074074074074074	1.68408581758744e19
0.207007007007007	1.681090363957616e19
0.2066066066066066	1.6781008011269743e19
0.2062062062062062	1.6751171194726453e19
0.20580580580580582	1.6721393093839784e19
0.20540540540540542	1.669167361262346e19
0.20500500500500501	1.6662012655209548e19
0.2046046046046046	1.6632410125846624e19
0.2042042042042042	1.6602865928898017e19
0.2038038038038038	1.6573379968840102e19
0.2034034034034034	1.6543952150357594e19
0.203003003003003	1.651458237807039e19
0.2026026026026026	1.6485270556764967e19
0.2022022022022022	1.6456016591353997e19
0.2018018018018018	1.6426820386855539e19
0.2014014014014014	1.6397681848391653e19
0.201001001001001	1.636860088118709e19
0.2006006006006006	1.6339577390568006e19
0.2002002002002002	1.6310611281960737e19
0.1997997997997998	1.6281702460890624e19
0.1993993993993994	1.6252850832980865e19
0.198998998998999	1.6224056303951428e19
0.1985985985985986	1.6195318779617993e19
0.1981981981981982	1.6166638165890943e19
0.1977977977977978	1.613801436877439e19
0.1973973973973974	1.6109447294365241e19
0.196996996996997	1.6080936848852302e19
0.1965965965965966	1.6052482938515413e19
0.1961961961961962	1.6024085469724625e19
0.19579579579579579	1.599574434893941e19
0.19539539539539538	1.5967459482707896e19
0.194994994994995	1.5939230777666148e19
0.1945945945945946	1.5911058140537463e19
0.1941941941941942	1.5882941478131708e19
0.1937937937937938	1.5854880697344686e19
0.1933933933933934	1.5826875705157523e19
0.192992992992993	1.579892640863609e19
0.1925925925925926	1.5771032714930448e19
0.1921921921921922	1.574319453127432e19
0.1917917917917918	1.571541176498458e19
0.19139139139139139	1.5687684323460788e19
0.19099099099099098	1.566001211418472e19
0.19059059059059058	1.5632395044719942e19
0.19019019019019018	1.5604833022711398e19
0.1897897897897898	1.557732595588502e19
0.1893893893893894	1.5549873752047354e19
0.188988988988989	1.552247631908522e19
0.1885885885885886	1.5495133564965374e19
0.1881881881881882	1.54678453977342e19
0.1877877877877878	1.5440611725517414e19
0.1873873873873874	1.5413432456519797e19
0.18698698698698699	1.5386307499024925e19
0.18658658658658658	1.5359236761394936e19
0.18618618618618618	1.5332220152070296e19
0.18578578578578578	1.5305257579569596e19
0.18538538538538538	1.5278348952489351e19
0.18498498498498497	1.5251494179503817e19
0.18458458458458457	1.5224693169364828e19
0.1841841841841842	1.5197945830901641e19
0.1837837837837838	1.517125207302079e19
0.1833833833833834	1.5144611804705962e19
0.182982982982983	1.5118024935017875e19
0.1825825825825826	1.509149137309418e19
0.18218218218218218	1.506501102814936e19
0.18178178178178178	1.5038583809474654e19
0.18138138138138138	1.5012209626437976e19
0.18098098098098098	1.4985888388483863e19
0.18058058058058057	1.4959620005133412e19
0.18018018018018017	1.4933404385984246e19
0.17977977977977977	1.4907241440710472e19
0.17937937937937937	1.4881131079062663e19
0.178978978978979	1.485507321086784e19
0.1785785785785786	1.4829067746029455e19
0.1781781781781782	1.4803114594527406e19
0.17777777777777778	1.4777213666418026e19
0.17737737737737738	1.4751364871834112e19
0.17697697697697698	1.4725568120984936e19
0.17657657657657658	1.4699823324156283e19
0.17617617617617617	1.4674130391710472e19
0.17577577577577577	1.464848923408641e19
0.17537537537537537	1.4622899761799633e19
0.17497497497497497	1.4597361885442355e19
0.17457457457457456	1.4571875515683533e19
0.17417417417417416	1.4546440563268923e19
0.1737737737737738	1.452105693902116e19
0.17337337337337339	1.4495724553839819e19
0.17297297297297298	1.4470443318701498e19
0.17257257257257258	1.4445213144659905e19
0.17217217217217218	1.4420033942845938e19
0.17177177177177178	1.439490562446778e19
0.17137137137137137	1.4369828100810998e19
0.17097097097097097	1.4344801283238633e19
0.17057057057057057	1.4319825083191314e19
0.17017017017017017	1.4294899412187353e19
0.16976976976976976	1.4270024181822863e19
0.16936936936936936	1.4245199303771867e19
0.16896896896896896	1.4220424689786417e19
0.16856856856856856	1.419570025169671e19
0.16816816816816818	1.4171025901411207e19
0.16776776776776778	1.414640155091677e19
0.16736736736736738	1.4121827112278772e19
0.16696696696696697	1.4097302497641236e19
0.16656656656656657	1.407282761922697e19
0.16616616616616617	1.4048402389337692e19
0.16576576576576577	1.402402672035417e19
0.16536536536536536	1.3999700524736365e19
0.16496496496496496	1.3975423715023557e19
0.16456456456456456	1.3951196203834503e19
0.16416416416416416	1.3927017903867572e19
0.16376376376376375	1.390288872790089e19
0.16336336336336335	1.3878808588792484e19
0.16296296296296298	1.3854777399480437e19
0.16256256256256257	1.3830795072983032e19
0.16216216216216217	1.3806861522398902e19
0.16176176176176177	1.3782976660907188e19
0.16136136136136137	1.375914040176768e19
0.16096096096096096	1.3735352658320982e19
0.16056056056056056	1.3711613343988662e19
0.16016016016016016	1.3687922372273408e19
0.15975975975975976	1.3664279656759181e19
0.15935935935935935	1.3640685111111379e19
0.15895895895895895	1.361713864907699e19
0.15855855855855855	1.3593640184484751e19
0.15815815815815815	1.3570189631245308e19
0.15775775775775774	1.3546786903351376e19
0.15735735735735737	1.3523431914877899e19
0.15695695695695697	1.350012457998221e19
0.15655655655655656	1.347686481290419e19
0.15615615615615616	1.3453652527966435e19
0.15575575575575576	1.3430487639574411e19
0.15535535535535536	1.340737006221662e19
0.15495495495495495	1.338429971046476e19
0.15455455455455455	1.3361276498973886e19
0.15415415415415415	1.3338300342482577e19
0.15375375375375375	1.3315371155813093e19
0.15335335335335334	1.329248885387154e19
0.15295295295295294	1.3269653351648035e19
0.15255255255255254	1.3246864564216863e19
0.15215215215215216	1.322412240673664e19
0.15175175175175176	1.3201426794450481e19
0.15135135135135136	1.3178777642686157e19
0.15095095095095096	1.3156174866856255e19
0.15055055055055055	1.313361838245835e19
0.15015015015015015	1.311110810507515e19
0.14974974974974975	1.3088643950374676e19
0.14934934934934935	1.3066225834110407e19
0.14894894894894894	1.304385367212145e19
0.14854854854854854	1.3021527380332702e19
0.14814814814814814	1.2999246874755e19
0.14774774774774774	1.2977012071485293e19
0.14734734734734733	1.295482288670679e19
0.14694694694694696	1.293267923668913e19
0.14654654654654656	1.291058103778853e19
0.14614614614614616	1.2888528206447956e19
0.14574574574574575	1.2866520659197268e19
0.14534534534534535	1.2844558312653384e19
0.14494494494494495	1.2822641083520434e19
0.14454454454454455	1.280076888858992e19
0.14414414414414414	1.277894164474087e19
0.14374374374374374	1.2757159268939991e19
0.14334334334334334	1.2735421678241825e19
0.14294294294294294	1.2713728789788908e19
0.14254254254254253	1.2692080520811915e19
0.14214214214214213	1.2670476788629821e19
0.14174174174174173	1.2648917510650046e19
0.14134134134134135	1.2627402604368615e19
0.14094094094094095	1.2605931987370303e19
0.14054054054054055	1.2584505577328785e19
0.14014014014014015	1.2563123292006793e19
0.13973973973973974	1.2541785049256255e19
0.13933933933933934	1.2520490767018457e19
0.13893893893893894	1.2499240363324174e19
0.13853853853853854	1.2478033756293835e19
0.13813813813813813	1.2456870864137654e19
0.13773773773773773	1.2435751605155787e19
0.13733733733733733	1.2414675897738471e19
0.13693693693693693	1.2393643660366172e19
0.13653653653653652	1.2372654811609725e19
0.13613613613613615	1.2351709270130481e19
0.13573573573573575	1.2330806954680447e19
0.13533533533533534	1.2309947784102427e19
0.13493493493493494	1.2289131677330162e19
0.13453453453453454	1.2268358553388474e19
0.13413413413413414	1.2247628331393405e19
0.13373373373373373	1.2226940930552347e19
0.13333333333333333	1.220629627016419e19
0.13293293293293293	1.2185694269619454e19
0.13253253253253253	1.2165134848400425e19
0.13213213213213212	1.2144617926081294e19
0.13173173173173172	1.2124143422328285e19
0.13133133133133132	1.2103711256899797e19
0.13093093093093094	1.2083321349646526e19
0.13053053053053054	1.206297362051161e19
0.13013013013013014	1.204266798953075e19
0.12972972972972974	1.2022404376832346e19
0.12932932932932933	1.200218270258719e19
0.12892892892892893	1.1982002887149933e19
0.12852852852852853	1.1961864850988354e19
0.12812812812812813	1.1941768514562472e19
0.12772772772772772	1.1921713798445926e19
0.12732732732732732	1.1901700623285744e19
0.12692692692692692	1.188172890991326e19
0.12652652652652652	1.1861798579253393e19
0.12612612612612611	1.1841909552234156e19
0.1257257257257257	1.1822061749907837e19
0.12532532532532534	1.180225509343088e19
0.12492492492492492	1.1782489504053932e19
0.12452452452452452	1.1762764903121953e19
0.12412412412412413	1.174308121207434e19
0.12372372372372373	1.1723438352445049e19
0.12332332332332333	1.1703836245862701e19
0.12292292292292292	1.168427481405071e19
0.12252252252252252	1.166475397882739e19
0.12212212212212212	1.1645273662106075e19
0.12172172172172172	1.1625833785895225e19
0.12132132132132133	1.160643427229855e19
0.12092092092092092	1.158707504351511e19
0.12052052052052052	1.1567756021839434e19
0.12012012012012012	1.1548477129661626e19
0.11971971971971972	1.152923828946748e19
0.11931931931931931	1.1510039423838577e19
0.11891891891891893	1.1490880455452402e19
0.11851851851851852	1.1471761307082449e19
0.11811811811811812	1.1452681901598325e19
0.11771771771771772	1.1433642161965855e19
0.11731731731731732	1.1414642011247186e19
0.11691691691691691	1.1395681372600891e19
0.11651651651651651	1.1376760169282068e19
0.11611611611611612	1.1357878324642447e19
0.11571571571571572	1.1339035762130485e19
0.11531531531531532	1.1320232405291465e19
0.11491491491491491	1.13014681777676e19
0.11451451451451451	1.1282743003298128e19
0.11411411411411411	1.1264056805719407e19
0.11371371371371371	1.1245409508965011e19
0.11331331331331332	1.122680103706583e19
0.11291291291291292	1.1208231314150158e19
0.11251251251251251	1.1189700264443787e19
0.11211211211211211	1.1171207812270107e19
0.11171171171171171	1.1152753882050185e19
0.1113113113113113	1.1134338398302865e19
0.11091091091091092	1.1115961285644855e19
0.11051051051051052	1.1097622468790817e19
0.11011011011011011	1.107932187255345e19
0.10970970970970971	1.106105942184358e19
0.10930930930930931	1.1042835041670253e19
0.1089089089089089	1.1024648657140806e19
0.1085085085085085	1.1006500193460963e19
0.10810810810810811	1.0988389575934915e19
0.10770770770770771	1.0970316729965398e19
0.10730730730730731	1.0952281581053784e19
0.1069069069069069	1.0934284054800153e19
0.1065065065065065	1.0916324076903377e19
0.1061061061061061	1.0898401573161198e19
0.1057057057057057	1.0880516469470306e19
0.10530530530530531	1.086266869182642e19
0.10490490490490491	1.0844858166324353e19
0.1045045045045045	1.0827084819158102e19
0.1041041041041041	1.080934857662091e19
0.1037037037037037	1.079164936510535e19
0.1033033033033033	1.0773987111103392e19
0.10290290290290291	1.0756361741206473e19
0.10250250250250251	1.0738773182105571e19
0.1021021021021021	1.0721221360591276e19
0.1017017017017017	1.0703706203553858e19
0.1013013013013013	1.0686227637983332e19
0.1009009009009009	1.0668785590969534e19
0.1005005005005005	1.0651379989702177e19
0.1001001001001001	1.0634010761470919e19
0.0996996996996997	1.0616677833665436e19
0.0992992992992993	1.0599381133775477e19
0.0988988988988989	1.058212058939093e19
0.0984984984984985	1.0564896128201886e19
0.0980980980980981	1.0547707677998692e19
0.09769769769769769	1.0530555166672024e19
0.0972972972972973	1.0513438522212934e19
0.0968968968968969	1.0496357672712917e19
0.0964964964964965	1.0479312546363965e19
0.0960960960960961	1.0462303071458623e19
0.09569569569569569	1.044532917639005e19
0.09529529529529529	1.0428390789652064e19
0.0948948948948949	1.041148783983921e19
0.0944944944944945	1.0394620255646798e19
0.0940940940940941	1.0377787965870967e19
0.0936936936936937	1.036099089940873e19
0.09329329329329329	1.034422898525803e19
0.09289289289289289	1.032750215251778e19
0.09249249249249249	1.0310810330387923e19
0.0920920920920921	1.0294153448169476e19
0.0916916916916917	1.0277531435264573e19
0.0912912912912913	1.0260944221176517e19
0.09089089089089089	1.024439173550982e19
0.09049049049049049	1.0227873907970253e19
0.09009009009009009	1.0211390668364884e19
0.08968968968968968	1.0194941946602123e19
0.0892892892892893	1.0178527672691767e19
0.08888888888888889	1.0162147776745038e19
0.08848848848848849	1.014580218897462e19
0.08808808808808809	1.0129490839694705e19
0.08768768768768768	1.0113213659321025e19
0.08728728728728728	1.0096970578370894e19
0.0868868868868869	1.0080761527463242e19
0.08648648648648649	1.0064586437318654e19
0.08608608608608609	1.00484452387594e19
0.08568568568568569	1.0032337862709473e19
0.08528528528528528	1.0016264240194621e19
0.08488488488488488	1.000022430234238e19
0.08448448448448448	9.984217980335075e18
0.08408408408408409	9.968245205541687e18
0.08368368368368369	9.952305909404717e18
0.08328328328328329	9.936400023459156e18
0.08288288288288288	9.920527479341933e18
0.08248248248248248	9.904688208791937e18
0.08208208208208208	9.88888214365005e18
0.08168168168168168	9.873109215859167e18
0.08128128128128129	9.857369357464228e18
0.08088088088088088	9.841662500612231e18
0.08048048048048048	9.825988577552267e18
0.08008008008008008	9.810347520635531e18
0.07967967967967968	9.79473926231535e18
0.07927927927927927	9.779163735147205e18
0.07887887887887887	9.763620871788745e18
0.07847847847847848	9.74811060499981e18
0.07807807807807808	9.732632867642446e18
0.07767767767767768	9.717187592680927e18
0.07727727727727728	9.701774713181768e18
0.07687687687687687	9.686394162313736e18
0.07647647647647647	9.671045873347877e18
0.07607607607607608	9.655729779657515e18
0.07567567567567568	9.640445814718276e18
0.07527527527527528	9.625193912108098e18
0.07487487487487487	9.609974005507236e18
0.07447447447447447	9.594786028698284e18
0.07407407407407407	9.579629915566174e18
0.07367367367367367	9.564505600098193e18
0.07327327327327328	9.549413016383984e18
0.07287287287287288	9.534352098661097e18
0.07247247247247247	9.519322781187328e18
0.07207207207207207	9.504324998350316e18
0.07167167167167167	9.48935868464921e18
0.07127127127127127	9.474423774685544e18
0.07087087087087086	9.459520203163249e18
0.07047047047047048	9.444647904888644e18
0.07007007007007007	9.429806814770446e18
0.06966966966966967	9.414996867819772e18
0.06926926926926927	9.40021799915013e18
0.06886886886886887	9.385470143977425e18
0.06846846846846846	9.37075323761996e18
0.06806806806806807	9.356067215498428e18
0.06766766766766767	9.341412013135915e18
0.06726726726726727	9.326787566113147e18
0.06686686686686687	9.312193810193924e18
0.06646646646646646	9.297630681217436e18
0.06606606606606606	9.283098115116274e18
0.06566566566566566	9.268596047925393e18
0.06526526526526527	9.254124415782107e18
0.06486486486486487	9.23968315492607e18
0.06446446446446447	9.225272201699277e18
0.06406406406406406	9.210891492546047e18
0.06366366366366366	9.196540964013017e18
0.06326326326326326	9.182220552749128e18
0.06286286286286286	9.167930195505612e18
0.06246246246246246	9.153669829135982e18
0.062062062062062065	9.139439390596014e18
0.06166166166166166	9.125238816943736e18
0.06126126126126126	9.111068045339409e18
0.06086086086086086	9.096927013045516e18
0.06046046046046046	9.08281565742674e18
0.06006006006006006	9.068733915949949e18
0.05965965965965966	9.054681726184177e18
0.05925925925925926	9.040659025800605e18
0.05885885885885886	9.026665752572541e18
0.05845845845845846	9.0127018443754e18
0.05805805805805806	8.998767239186684e18
0.05765765765765766	8.984861875085954e18
0.057257257257257256	8.970985690254814e18
0.056856856856856854	8.957138622976885e18
0.05645645645645646	8.943320611637778e18
0.056056056056056056	8.929531594725076e18
0.05565565565565565	8.915771510828299e18
0.05525525525525526	8.902040298638886e18
0.054854854854854855	8.888337896950161e18
0.05445445445445445	8.874664244657313e18
0.05405405405405406	8.861019280757357e18
0.053653653653653655	8.847402944349114e18
0.05325325325325325	8.833815174633178e18
0.05285285285285285	8.820255910911882e18
0.052452452452452454	8.806725092589272e18
0.05205205205205205	8.79322265917107e18
0.05165165165165165	8.779748550264644e18
0.051251251251251254	8.766302705578973e18
0.05085085085085085	8.752885064924617e18
0.05045045045045045	8.739495568073823e18
0.05005005005005005	8.726134155320173e18
0.04964964964964965	8.71280076663862e18
0.04924924924924925	8.699495342245677e18
0.048848848848848846	8.686217822459108e18
0.04844844844844845	8.672968147698322e18
0.04804804804804805	8.659746258484045e18
0.047647647647647645	8.646552095437996e18
0.04724724724724725	8.633385599283277e18
0.04684684684684685	8.620246710844187e18
0.046446446446446445	8.60713537104618e18
0.04604604604604605	8.594051520915825e18
0.04564564564564565	8.580995101580759e18
0.045245245245245244	8.567966054269647e18
0.04484484484484484	8.554964320312136e18
0.044444444444444446	8.54198984113881e18
0.044044044044044044	8.529042558281145e18
0.04364364364364364	8.516122413371463e18
0.043243243243243246	8.50322934814288e18
0.04284284284284284	8.490363304429267e18
0.04244244244244244	8.477524224165195e18
0.042042042042042045	8.464712049385889e18
0.04164164164164164	8.451926722227177e18
0.04124124124124124	8.439168184925443e18
0.04084084084084084	8.426436379817569e18
0.04044044044044044	8.413731249340893e18
0.04004004004004004	8.401052736033149e18
0.03963963963963964	8.388400782532419e18
0.03923923923923924	8.375775331577077e18
0.03883883883883884	8.363176326005736e18
0.03843843843843844	8.350603708757197e18
0.03803803803803804	8.338057422870385e18
0.03763763763763764	8.325537411484301e18
0.037237237237237236	8.313043617837964e18
0.036836836836836834	8.300575985270353e18
0.03643643643643644	8.288134457220347e18
0.036036036036036036	8.275718977226671e18
0.03563563563563563	8.263329488927837e18
0.03523523523523524	8.25096593606208e18
0.034834834834834835	8.238628262467302e18
0.03443443443443443	8.226316412081012e18
0.03403403403403404	8.214030328940259e18
0.033633633633633635	8.20176995718158e18
0.03323323323323323	8.189535241040928e18
0.03283283283283283	8.177326124853613e18
0.032432432432432434	8.16514255305424e18
0.03203203203203203	8.152984470176644e18
0.03163163163163163	8.140851820853823e18
0.03123123123123123	8.128744549817875e18
0.03083083083083083	8.116662601899934e18
0.03043043043043043	8.104605922030096e18
0.03003003003003003	8.092574455237364e18
0.02962962962962963	8.080568146649567e18
0.02922922922922923	8.068586941493305e18
0.02882882882882883	8.056630785093872e18
0.028428428428428427	8.044699622875187e18
0.028028028028028028	8.032793400359729e18
0.02762762762762763	8.020912063168464e18
0.027227227227227226	8.009055557020773e18
0.026826826826826827	7.997223827734384e18
0.026426426426426425	7.985416821225296e18
0.026026026026026026	7.97363448350771e18
0.025625625625625627	7.961876760693956e18
0.025225225225225224	7.950143598994416e18
0.024824824824824825	7.938434944717454e18
0.024424424424424423	7.926750744269342e18
0.024024024024024024	7.915090944154179e18
0.023623623623623625	7.903455490973821e18
0.023223223223223222	7.891844331427805e18
0.022822822822822823	7.880257412320624e18
0.02242242242242242	7.868694680576253e18
0.022022022022022022	7.857156083149956e18
0.021621621621621623	7.845641567131216e18
0.02122122122122122	7.834151079706807e18
0.02082082082082082	7.822684568160718e18
0.02042042042042042	7.811241979874068e18
0.02002002002002002	7.799823262325032e18
0.01961961961961962	7.788428363088754e18
0.01921921921921922	7.77705722983727e18
0.01881881881881882	7.765709810339429e18
0.018418418418418417	7.754386052460806e18
0.018018018018018018	7.74308590416362e18
0.01761761761761762	7.731809313506654e18
0.017217217217217216	7.720556228645171e18
0.016816816816816817	7.709326597830827e18
0.016416416416416415	7.69812036941159e18
0.016016016016016016	7.686937491831655e18
0.015615615615615615	7.675777913631357e18
0.015215215215215214	7.664641583447086e18
0.014814814814814815	7.653528450011201e18
0.014414414414414415	7.642438462151942e18
0.014014014014014014	7.631371568793348e18
0.013613613613613613	7.620327718955163e18
0.013213213213213212	7.609306861752749e18
0.012812812812812813	7.598308946397004e18
0.012412412412412413	7.587333922194264e18
0.012012012012012012	7.576381738546221e18
0.011611611611611611	7.565452344949831e18
0.01121121121121121	7.55454569099722e18
0.010810810810810811	7.543661726375601e18
0.01041041041041041	7.532800400867176e18
0.01001001001001001	7.52196166434905e18
0.00960960960960961	7.511145466793134e18
0.009209209209209208	7.500351758266057e18
0.00880880880880881	7.489580488929071e18
0.008408408408408409	7.47883160903796e18
0.008008008008008008	7.468105068942944e18
0.007607607607607607	7.457400819088588e18
0.007207207207207207	7.446718810013704e18
0.006806806806806807	7.43605899235126e18
0.006406406406406407	7.425421316828283e18
0.006006006006006006	7.414805734265764e18
0.005605605605605605	7.404212195578563e18
0.005205205205205205	7.39364065177531e18
0.004804804804804805	7.383091053958313e18
0.004404404404404405	7.372563353323457e18
0.004004004004004004	7.362057501160107e18
0.0036036036036036037	7.351573448851014e18
0.0032032032032032033	7.341111147872211e18
0.0028028028028028026	7.33067054979292e18
0.0024024024024024023	7.320251606275449e18
0.002002002002002002	7.309854269075098e18
0.0016016016016016017	7.299478490040052e18
0.0012012012012012011	7.289124221111287e18
0.0008008008008008008	7.278791414322468e18
0.0004004004004004004	7.268480021799849e18
0.0	7.25818999576217e18
