z	E
0.4	1.0e20
0.39839357429718875	8.048010700346832e19
0.3967871485943775	6.914420967954258e19
0.39518072289156625	6.191298388336346e19
0.39357429718875503	5.692424389239154e19
0.39196787148594375	5.326581191487126e19
0.39036144578313253	5.0453446156772246e19
0.3887550200803213	4.8210544334921245e19
0.38714859437751004	4.63689354756096e19
0.3855421686746988	4.482089497927758e19
0.38393574297188754	4.3494341508428825e19
0.3823293172690763	4.2339242264579015e19
0.38072289156626504	4.131977254106932e19
0.3791164658634538	4.0409590275184845e19
0.37751004016064255	3.958887705734339e19
0.3759036144578313	3.884242248450443e19
0.3742971887550201	3.815834720450366e19
0.37269076305220883	3.752722948772672e19
0.3710843373493976	3.69414939836436e19
0.36947791164658633	3.6394975148437967e19
0.3678714859437751	3.5882599668292477e19
0.36626506024096384	3.540015160260736e19
0.3646586345381526	3.4944096087656473e19
0.36305220883534134	3.4511445186910876e19
0.3614457831325301	3.4099654544856162e19
0.3598393574297189	3.370654285530977e19
0.3582329317269076	3.3330228451882398e19
0.3566265060240964	3.296907889615229e19
0.3550200803212851	3.262167054030972e19
0.3534136546184739	3.2286755821097177e19
0.35180722891566263	3.1963236602456707e19
0.3502008032128514	3.16501422929921e19
0.3485943775100402	3.1346611756904124e19
0.3469879518072289	3.1051878273377874e19
0.3453815261044177	3.076525695083494e19
0.3437751004016064	3.0486134138601968e19
0.3421686746987952	3.0213958471528227e19
0.3405622489959839	2.9948233257808736e19
0.3389558232931727	2.96885099778322e19
0.3373493975903614	2.943438270684363e19
0.3357429718875502	2.9185483309584884e19
0.334136546184739	2.89414772830812e19
0.3325301204819277	2.8702060146050073e19
0.3309236947791165	2.8466954291282477e19
0.3293172690763052	2.8235906231747305e19
0.327710843373494	2.800868418283365e19
0.3261044176706827	2.7785075932640383e19
0.3244979919678715	2.756488695998851e19
0.3228915662650602	2.734793876621328e19
0.321285140562249	2.713406739205923e19
0.3196787148594378	2.692312209536583e19
0.3180722891566265	2.6714964168862507e19
0.3164658634538153	2.650946588042442e19
0.314859437751004	2.6306509520682263e19
0.3132530120481928	2.6105986545017238e19
0.3116465863453815	2.5907796798776234e19
0.3100401606425703	2.5711847816069177e19
0.30843373493975906	2.551805418380668e19
0.3068273092369478	2.532633696373965e19
0.30522088353413657	2.513662316620422e19
0.3036144578313253	2.4948845270081372e19
0.30200803212851407	2.4762940784171704e19
0.3004016064257028	2.4578851845780074e19
0.2987951807228916	2.4396524852816523e19
0.2971887550200803	2.4215910126161727e19
0.2955823293172691	2.4036961599427187e19
0.29397590361445786	2.3859636533571305e19
0.2923694779116466	2.36838952539926e19
0.29076305220883536	2.350970090810027e19
0.2891566265060241	2.333701924347571e19
0.28755020080321286	2.316581839995753e19
0.2859437751004016	2.2996068719933637e19
0.28433734939759037	2.2827742572506214e19
0.2827309236947791	2.2660814191008027e19
0.28112449799196787	2.2495259522824204e19
0.27951807228915665	2.2331056090571723e19
0.2779116465863454	2.2168182863775425e19
0.27630522088353415	2.20066201402558e19
0.2746987951807229	2.184634943651157e19
0.27309236947791166	2.1687353386440176e19
0.2714859437751004	2.1529615647792857e19
0.26987951807228916	2.1373120815808995e19
0.26827309236947794	2.1217854343516664e19
0.26666666666666666	2.1063802468226208e19
0.26506024096385544	2.0910952143776616e19
0.26345381526104417	2.075929097812737e19
0.26184738955823295	2.0608807175916524e19
0.26024096385542167	2.0459489485631926e19
0.25863453815261045	2.031132715106638e19
0.2570281124497992	2.0164309866749604e19
0.25542168674698795	2.001842773707011e19
0.25381526104417673	1.987367123881883e19
0.25220883534136546	1.9730031186903904e19
0.25060240963855424	1.958749870300215e19
0.24899598393574296	1.944606518692796e19
0.24738955823293174	1.9305722290514653e19
0.2457831325301205	1.916646189381652e19
0.24417670682730924	1.9028276083452445e19
0.242570281124498	1.8891157132923716e19
0.24096385542168675	1.8755097484749795e19
0.2393574297188755	1.8620089734276293e19
0.23775100401606425	1.8486126615019274e19
0.236144578313253	1.835320098541942e19
0.23453815261044178	1.8221305816888287e19
0.23293172690763053	1.8090434183037354e19
0.23132530120481928	1.7960579249988284e19
0.22971887550200804	1.783173426774537e19
0.2281124497991968	1.7703892562541488e19
0.22650602409638554	1.7577047528956615e19
0.2248995983935743	1.7451192624729633e19
0.22329317269076304	1.7326321364820562e19
0.2216867469879518	1.720242731646159e19
0.22008032128514057	1.7079504094763076e19
0.21847389558232932	1.695754535843931e19
0.21686746987951808	1.683654480744013e19
0.21526104417670683	1.671649617899873e19
0.21365461847389558	1.6597393245121495e19
0.21204819277108433	1.647922981032938e19
0.21044176706827308	1.6361999710005555e19
0.20883534136546184	1.6245696807534563e19
0.20722891566265061	1.6130314993697442e19
0.20562248995983937	1.6015848185187822e19
0.20401606425702812	1.5902290323395324e19
0.20240963855421687	1.578963537343368e19
0.20080321285140562	1.5677877323317223e19
0.19919678714859437	1.5567010183268827e19
0.19759036144578312	1.5457027985144037e19
0.19598393574297188	1.5347924781957738e19
0.19437751004016066	1.5239694647501097e19
0.1927710843373494	1.5132331676037804e19
0.19116465863453816	1.5025829982069826e19
0.1895582329317269	1.4920183700163932e19
0.18795180722891566	1.481538698483122e19
0.18634538152610441	1.4711434010452711e19
0.18473895582329317	1.4608318971244915e19
0.18313253012048192	1.4506036081259878e19
0.18152610441767067	1.4404579574414967e19
0.17991967871485945	1.4303943704548094e19
0.1783132530120482	1.4204122745494686e19
0.17670682730923695	1.4105110991183057e19
0.1751004016064257	1.4006902755745348e19
0.17349397590361446	1.3909492373641435e19
0.1718875502008032	1.381287419979364e19
0.17028112449799196	1.371704260973025e19
0.1686746987951807	1.3621991999736189e19
0.1670682730923695	1.3527716787009325e19
0.16546184738955824	1.3434211409821155e19
0.163855421686747	1.3341470327680725e19
0.16224899598393575	1.3249488021500815e19
0.1606425702811245	1.3158258993765566e19
0.15903614457831325	1.3067777768698784e19
0.157429718875502	1.2978038892432316e19
0.15582329317269075	1.2889036933173942e19
0.15421686746987953	1.2800766481374306e19
0.15261044176706828	1.2713222149892495e19
0.15100401606425704	1.2626398574159899e19
0.1493975903614458	1.2540290412342063e19
0.14779116465863454	1.2454892345498264e19
0.1461847389558233	1.2370199077738594e19
0.14457831325301204	1.2286205336378366e19
0.1429718875502008	1.2202905872089651e19
0.14136546184738955	1.212029545904985e19
0.13975903614457832	1.2038368895087139e19
0.13815261044176708	1.1957121001822695e19
0.13654618473895583	1.187654662464887e19
0.13493975903614458	1.1796640633348475e19
0.13333333333333333	1.1717397921902184e19
0.13172690763052208	1.163881340829658e19
0.13012048192771083	1.1560882035133422e19
0.1285140562248996	1.1483598769589264e19
0.12690763052208837	1.1406958603533332e19
0.12530120481927712	1.1330956553641748e19
0.12369477911646587	1.1255587661508102e19
0.12208835341365462	1.118084699375033e19
0.12048192771084337	1.1106729642113888e19
0.11887550200803212	1.1033230723571233e19
0.11726907630522089	1.0960345380417559e19
0.11566265060240964	1.0888068780362818e19
0.1140562248995984	1.0816396116620012e19
0.11244979919678715	1.0745322607989746e19
0.1108433734939759	1.067484349894106e19
0.10923694779116466	1.0604954059688516e19
0.10763052208835341	1.0535649586265577e19
0.10602409638554217	1.0466925400594256e19
0.10441767068273092	1.0398776850551058e19
0.10281124497991968	1.0331199310029224e19
0.10120481927710843	1.0264188178997273e19
0.09959839357429719	1.0197738883553878e19
0.09799196787148594	1.0131846875979071e19
0.0963855421686747	1.0066507634781798e19
0.09477911646586346	1.0001716664743836e19
0.09317269076305221	9.937469496960094e18
0.09156626506024096	9.873761688688e18
0.08995983935742972	9.810588823907615e18
0.08835341365461848	9.74794651289687e18
0.08674698795180723	9.685830392334606e18
0.08514056224899598	9.624236125360738e18
0.08353413654618475	9.563159401595324e18
0.0819277108433735	9.502595937154126e18
0.08032128514056225	9.442541474842305e18
0.078714859437751	9.38299178365224e18
0.07710843373493977	9.32394265920951e18
0.07550200803212852	9.265389923664372e18
0.07389558232931727	9.207329425583992e18
0.07228915662650602	9.149757040375179e18
0.07068273092369477	9.092668669774792e18
0.06907630522088354	9.036060242018779e18
0.06746987951807229	8.979927711827923e18
0.06586345381526104	8.924267060390424e18
0.0642570281124498	8.869074295341374e18
0.06265060240963856	8.814345450739155e18
0.06104417670682731	8.760076587038785e18
0.05943775100401606	8.706263791062273e18
0.05783132530120482	8.652903175966008e18
0.05622489959839357	8.599990881205219e18
0.05461847389558233	8.547523072495557e18
0.05301204819277108	8.495495941771827e18
0.05140562248995984	8.443905707143934e18
0.04979919678714859	8.392748612850049e18
0.04819277108433735	8.342020929207078e18
0.046586345381526104	8.291718952558445e18
0.04497991967871486	8.241839005219251e18
0.043373493975903614	8.192377435418852e18
0.04176706827309237	8.143330617240885e18
0.040160642570281124	8.09469495056081e18
0.03855421686746988	8.046466860980995e18
0.036947791164658635	7.9986427997634e18
0.035341365461847386	7.951219243759897e18
0.033734939759036145	7.904192695340287e18
0.0321285140562249	7.857559682318043e18
0.030522088353413655	7.811316757903183e18
0.02891566265060241	7.765460500680622e18
0.027309236947791166	7.719987514179408e18
0.02570281124497992	7.674894427201505e18
0.024096385542168676	7.630177893588941e18
0.02248995983935743	7.585834592136943e18
0.020883534136546186	7.541861226505146e18
0.01927710843373494	7.498254525126912e18
0.017670682730923693	7.455011241116801e18
0.01606425702811245	7.412128152176263e18
0.014457831325301205	7.369602060497576e18
0.01285140562248996	7.327429792666087e18
0.011244979919678716	7.285608199560809e18
0.00963855421686747	7.244134156253405e18
0.008032128514056224	7.203004561905625e18
0.00642570281124498	7.162216339665228e18
0.004819277108433735	7.121766436560445e18
0.00321285140562249	7.081651823393025e18
0.001606425702811245	7.041869494629904e18
0.0	7.002416468293565e18
