z	E
0.4	1.0e18
0.39839357429718875	9.981622408040332e17
0.3967871485943775	9.963314859664901e17
0.39518072289156625	9.945076790346424e17
0.39357429718875503	9.926907640219757e17
0.39196787148594375	9.908806854035343e17
0.39036144578313253	9.890773881113213e17
0.3887550200803213	9.8728081752975e17
0.38714859437751004	9.8549091949115e17
0.3855421686746988	9.837076402713242e17
0.38393574297188754	9.81930926585158e17
0.3823293172690763	9.801607255822794e17
0.38072289156626504	9.783969848427686e17
0.3791164658634538	9.766396523754216e17
0.37751004016064255	9.748886766064087e17
0.3759036144578313	9.731440063814127e17
0.3742971887550201	9.714055909604154e17
0.37269076305220883	9.696733800131337e17
0.3710843373493976	9.67947323615019e17
0.36947791164658633	9.662273722433018e17
0.3678714859437751	9.645134767730826e17
0.36626506024096384	9.628055884734675e17
0.3646586345381526	9.611036590037482e17
0.36305220883534134	9.594076404096261e17
0.3614457831325301	9.577174851194797e17
0.3598393574297189	9.560331459406744e17
0.3582329317269076	9.543545760559158e17
0.3566265060240964	9.526817290196433e17
0.3550200803212851	9.510145587544662e17
0.3534136546184739	9.493530195453408e17
0.35180722891566263	9.476970660426588e17
0.3502008032128514	9.460466532530264e17
0.3485943775100402	9.444017365368911e17
0.3469879518072289	9.427622716056513e17
0.3453815261044177	9.411282145183296e17
0.3437751004016064	9.394995216782844e17
0.3421686746987952	9.378761498299581e17
0.3405622489959839	9.362580560556635e17
0.3389558232931727	9.346451977724055e17
0.3373493975903614	9.330375327287404e17
0.3357429718875502	9.314350190016695e17
0.334136546184739	9.298376149935695e17
0.3325301204819277	9.282452794291565e17
0.3309236947791165	9.266579713524847e17
0.3293172690763052	9.250756501239804e17
0.327710843373494	9.234982754175077e17
0.3261044176706827	9.219258072178092e17
0.3244979919678715	9.203582058182595e17
0.3228915662650602	9.187954318140157e17
0.321285140562249	9.172374461040271e17
0.3196787148594378	9.156842098865052e17
0.3180722891566265	9.141356846561846e17
0.3164658634538153	9.125918322016141e17
0.314859437751004	9.11052614602479e17
0.3132530120481928	9.095179942269527e17
0.3116465863453815	9.079879337290797e17
0.3100401606425703	9.064623960461862e17
0.30843373493975906	9.049413443963219e17
0.3068273092369478	9.034247422757288e17
0.30522088353413657	9.0191255345441e17
0.3036144578313253	9.004047419791799e17
0.30200803212851407	8.989012721663521e17
0.3004016064257028	8.974021086001939e17
0.2987951807228916	8.959072161309345e17
0.2971887550200803	8.944165598724008e17
0.2955823293172691	8.929301051996792e17
0.29397590361445786	8.914478177468047e17
0.2923694779116466	8.899696634044749e17
0.29076305220883536	8.884956083177897e17
0.2891566265060241	8.870256188840173e17
0.28755020080321286	8.855596617503841e17
0.2859437751004016	8.840977038118903e17
0.28433734939759037	8.826397122091488e17
0.2827309236947791	8.811856543262495e17
0.28112449799196787	8.797354977888666e17
0.27951807228915665	8.782892104625681e17
0.2779116465863454	8.768467604481585e17
0.27630522088353415	8.754081160827508e17
0.2746987951807229	8.739732459366066e17
0.27309236947791166	8.725421188111386e17
0.2714859437751004	8.711147037369362e17
0.26987951807228916	8.696909699718132e17
0.26827309236947794	8.682708869988764e17
0.26666666666666666	8.668544245246162e17
0.26506024096385544	8.65441552477019e17
0.26345381526104417	8.640322410036997e17
0.26184738955823295	8.626264604700556e17
0.26024096385542167	8.612241814574405e17
0.25863453815261045	8.598253747613595e17
0.2570281124497992	8.584300113896833e17
0.25542168674698795	8.570380625608831e17
0.25381526104417673	8.55649499702284e17
0.25220883534136546	8.542642944483395e17
0.25060240963855424	8.528824186387158e17
0.24899598393574296	8.515038443162313e17
0.24738955823293174	8.501285437276256e17
0.2457831325301205	8.487564893189733e17
0.24417670682730924	8.473876537351273e17
0.242570281124498	8.460220098181043e17
0.24096385542168675	8.446595306054877e17
0.2393574297188755	8.433001893288486e17
0.23775100401606425	8.419439594121837e17
0.236144578313253	8.405908144703711e17
0.23453815261044178	8.392407283076426e17
0.23293172690763053	8.378936749160737e17
0.23132530120481928	8.365496284740893e17
0.22971887550200804	8.352085633449864e17
0.2281124497991968	8.33870454075473e17
0.22650602409638554	8.325352753942237e17
0.2248995983935743	8.312030022104503e17
0.22329317269076304	8.298736096124886e17
0.2216867469879518	8.285470728664008e17
0.22008032128514057	8.272233674145933e17
0.21847389558232932	8.259024688744498e17
0.21686746987951808	8.245843530369792e17
0.21526104417670683	8.232689958654784e17
0.21365461847389558	8.219563734942102e17
0.21204819277108433	8.20646462227095e17
0.21044176706827308	8.193392385364179e17
0.20883534136546184	8.180346790615487e17
0.20722891566265061	8.167327606076773e17
0.20562248995983937	8.15433460144562e17
0.20401606425702812	8.141367548052919e17
0.20240963855421687	8.128426218850628e17
0.20080321285140562	8.115510388399665e17
0.19919678714859437	8.102619832857934e17
0.19759036144578312	8.089754329968484e17
0.19598393574297188	8.07691365904779e17
0.19437751004016066	8.064097600974171e17
0.1927710843373494	8.05130593817633e17
0.19116465863453816	8.038538454622019e17
0.1895582329317269	8.025794935806828e17
0.18795180722891566	8.013075168743098e17
0.18634538152610441	8.00037894194895e17
0.18473895582329317	7.987706045437443e17
0.18313253012048192	7.975056270705834e17
0.18152610441767067	7.962429410724973e17
0.17991967871485945	7.949825259928799e17
0.1783132530120482	7.937243614203956e17
0.17670682730923695	7.924684270879525e17
0.1751004016064257	7.912147028716855e17
0.17349397590361446	7.899631687899519e17
0.1718875502008032	7.887138050023368e17
0.17028112449799196	7.874665918086696e17
0.1686746987951807	7.862215096480515e17
0.1670682730923695	7.849785390978925e17
0.16546184738955824	7.837376608729597e17
0.163855421686747	7.824988558244356e17
0.16224899598393575	7.81262104938986e17
0.1606425702811245	7.800273893378386e17
0.15903614457831325	7.787946902758711e17
0.157429718875502	7.775639891407094e17
0.15582329317269075	7.763352674518345e17
0.15421686746987953	7.751085068597005e17
0.15261044176706828	7.738836891448604e17
0.15100401606425704	7.726607962171025e17
0.1493975903614458	7.714398101145947e17
0.14779116465863454	7.702207130030394e17
0.1461847389558233	7.69003487174836e17
0.14457831325301204	7.67788115048253e17
0.1429718875502008	7.665745791666089e17
0.14136546184738955	7.65362862197461e17
0.13975903614457832	7.641529469318035e17
0.13815261044176708	7.629448162832739e17
0.13654618473895583	7.617384532873673e17
0.13493975903614458	7.605338411006597e17
0.13333333333333333	7.593309630000383e17
0.13172690763052208	7.58129802381941e17
0.13012048192771083	7.56930342761603e17
0.1285140562248996	7.557325677723113e17
0.12690763052208837	7.545364611646678e17
0.12530120481927712	7.533420068058587e17
0.12369477911646587	7.521491886789324e17
0.12208835341365462	7.509579908820841e17
0.12048192771084337	7.497683976279487e17
0.11887550200803212	7.485803932428998e17
0.11726907630522089	7.473939621663571e17
0.11566265060240964	7.462090889500993e17
0.1140562248995984	7.450257582575854e17
0.11244979919678715	7.438439548632823e17
0.1108433734939759	7.426636636519988e17
0.10923694779116466	7.414848696182273e17
0.10763052208835341	7.403075578654908e17
0.10602409638554217	7.391317136056974e17
0.10441767068273092	7.37957322158501e17
0.10281124497991968	7.367843689506679e17
0.10120481927710843	7.356128395154504e17
0.09959839357429719	7.344427194919658e17
0.09799196787148594	7.332739946245823e17
0.0963855421686747	7.321066507623098e17
0.09477911646586346	7.309406738581979e17
0.09317269076305221	7.297760499687382e17
0.09156626506024096	7.286127652532756e17
0.08995983935742972	7.274508059734195e17
0.08835341365461848	7.262901584924662e17
0.08674698795180723	7.25130809274824e17
0.08514056224899598	7.239727448854445e17
0.08353413654618475	7.228159519892591e17
0.0819277108433735	7.216604173506209e17
0.08032128514056225	7.205061278327511e17
0.078714859437751	7.193530703971917e17
0.07710843373493977	7.182012321032622e17
0.07550200803212852	7.170506001075222e17
0.07389558232931727	7.159011616632378e17
0.07228915662650602	7.147529041198537e17
0.07068273092369477	7.136058149224698e17
0.06907630522088354	7.124598816113222e17
0.06746987951807229	7.113150918212696e17
0.06586345381526104	7.101714332812827e17
0.0642570281124498	7.090288938139397e17
0.06265060240963856	7.078874613349254e17
0.06104417670682731	7.067471238525345e17
0.05943775100401606	7.056078694671794e17
0.05783132530120482	7.044696863709021e17
0.05622489959839357	7.033325628468905e17
0.05461847389558233	7.02196487268998e17
0.05301204819277108	7.01061448101268e17
0.05140562248995984	6.999274338974611e17
0.04979919678714859	6.98794433300588e17
0.04819277108433735	6.976624350424439e17
0.046586345381526104	6.965314279431484e17
0.04497991967871486	6.954014009106881e17
0.043373493975903614	6.942723429404632e17
0.04176706827309237	6.931442431148375e17
0.040160642570281124	6.920170906026915e17
0.03855421686746988	6.908908746589793e17
0.036947791164658635	6.897655846242893e17
0.035341365461847386	6.886412099244065e17
0.033734939759036145	6.875177400698799e17
0.0321285140562249	6.863951646555921e17
0.030522088353413655	6.852734733603314e17
0.02891566265060241	6.841526559463684e17
0.027309236947791166	6.830327022590345e17
0.02570281124497992	6.819136022263032e17
0.024096385542168676	6.807953458583753e17
0.02248995983935743	6.796779232472652e17
0.020883534136546186	6.785613245663914e17
0.01927710843373494	6.774455400701696e17
0.017670682730923693	6.76330560093607e17
0.01606425702811245	6.752163750519009e17
0.014457831325301205	6.741029754400384e17
0.01285140562248996	6.729903518323995e17
0.011244979919678716	6.718784948823621e17
0.00963855421686747	6.707673953219096e17
0.008032128514056224	6.696570439612404e17
0.00642570281124498	6.685474316883802e17
0.004819277108433735	6.674385494687955e17
0.00321285140562249	6.663303883450107e17
0.001606425702811245	6.652229394362257e17
0.0	6.641161939379365e17
