E	Eg
1.0e17	2.0009835332680074e17
1.0092621909870443e17	2.0195838089547366e17
1.0186101701559773e17	2.038360982779164e17
1.0280447320933077e17	2.0573169779705693e17
1.0375666787451891e17	2.0764537508739178e17
1.0471768194855203e17	2.0957732919509936e17
1.0568759711848008e17	2.1152776268167075e17
1.066664958279541e17	2.1349688173111498e17
1.0765446128423138e17	2.1548489626086906e17
1.0865157746525418e17	2.1749202003654797e17
1.09657929126781e17	2.1951847079060202e17
1.10673601809597e17	2.2156447034505926e17
1.116986818467825e17	2.236302447384422e17
1.1273325637104848e17	2.2571602435699005e17
1.1377741332214949e17	2.2782204407035453e17
1.148312414543511e17	2.2994854337185178e17
1.158948303439807e17	2.3209576652347914e17
1.169682703970387e17	2.3426396270578525e17
1.1805165285688032e17	2.3645338617277955e17
1.1914506981197797e17	2.3866429641205315e17
1.2024861420374123e17	2.4089695831022806e17
1.2136237983442368e17	2.4315164232396522e17
1.2248646137509333e17	2.4542862465666355e17
1.2362095437367666e17	2.4772818744104634e17
1.2476595526308736e17	2.500506189278597e17
1.2592156136941509e17	2.523962136808174e17
1.2708787092020542e17	2.547652727780686e17
1.2826498305280626e17	2.5715810402035754e17
1.2945299782279134e17	2.5957502214610662e17
1.3065201621247253e17	2.620163490536885e17
1.3186214013947485e17	2.64482414031105e17
1.3308347246540706e17	2.669735539931877e17
1.3431611700460181e17	2.6949011372712016e17
1.355601785329366e17	2.7203244614560694e17
1.3681576279674762e17	2.7460091254896957e17
1.3808297652180923e17	2.771958828958263e17
1.3936192742241378e17	2.7981773608293738e17
1.4065272421052392e17	2.8246686023445053e17
1.4195547660500987e17	2.851436530009133e17
1.4327029534098354e17	2.8784852186843674e17
1.4459729217920195e17	2.9058188447830906e17
1.4593657991557517e17	2.9334416895753594e17
1.4728827239075046e17	2.961358142606395e17
1.486524844997854e17	2.989572705231742e17
1.5002933220192227e17	3.018089994274261e17
1.514189325304352e17	3.0469147458068506e17
1.5282140360258646e17	3.076051819066764e17
1.5423686462966304e17	3.105506200505668e17
1.556654359271059e17	3.135283007981272e17
1.5710723892474554e17	3.165387495096152e17
1.5856239617711373e17	3.195825055689076e17
1.600310313738695e17	3.2266012284856365e17
1.6151326935030928e17	3.2577217019139264e17
1.630092360979738e17	3.289192319092247e17
1.6451905877536675e17	3.3210190829960506e17
1.6604286571875296e17	3.353208161810819e17
1.675807864530762e17	3.3857658944794157e17
1.6913295170296506e17	3.41869879645113e17
1.7069949340384045e17	3.452013565641314e17
1.7228054471313994e17	3.485717088610594e17
1.7387624002162506e17	3.519816446972279e17
1.754867149648145e17	3.5543189240385254e17
1.7711210643450906e17	3.5892320117147046e17
1.7875255259042317e17	3.6245634176530106e17
1.804081928719388e17	3.660321072676662e17
1.8207916800994624e17	3.696513138485908e17
1.8376562003881648e17	3.733148015658884e17
1.8546769230847014e17	3.770234351959565e17
1.8718552949655754e17	3.807781050966708e17
1.889192776207672e17	3.8457972810382726e17
1.9066908405122518e17	3.884292484625517e17
1.9243509752303245e17	3.923276387953417e17
1.9421746814890285e17	3.9627590110830246e17
1.9601634743191818e17	4.002750678373352e17
1.9783188827841702e17	4.0432620293613325e17
1.9966424501097933e17	4.084304030078109e17
2.0151357338155504e17	4.12588798482247e17
2.033800305846984e17	4.168025548411913e17
2.052637752709248e17	4.210728738933355e17
2.0716496756020752e17	4.254009951017642e17
2.09083769055575e17	4.297881969660591e17
2.1102034285685878e17	4.342357984617906e17
2.1297485357455232e17	4.3874516053997766e17
2.149474673437976e17	4.433176876893526e17
2.169383518385191e17	4.479548295644957e17
2.1894767628566208e17	4.5265808268284365e17
2.209756114795894e17	4.574289921939538e17
2.2302232979659408e17	4.6226915372444666e17
2.2508800520954573e17	4.671802153022478e17
2.271728133026912e17	4.721638793640033e17
2.2927693128656486e17	4.772219048496311e17
2.3140053801306448e17	4.8235610938831514e17
2.3354381399064816e17	4.875683715803626e17
2.357069413996723e17	4.928606333793182e17
2.3789010410789005e17	4.9823490258032685e17
2.4009348768606518e17	5.0369325541810515e17
2.4231727942375907e17	5.092378392818435e17
2.445616683452449e17	5.1487087555164755e17
2.4682684522556874e17	5.205946625629314e17
2.4911300260677962e17	5.2641157870517126e17
2.5142033481427965e17	5.323240856615558e17
2.5374903797335613e17	5.3833473179173946e17
2.560993100258462e17	5.444461556880519e17
2.5847135074695584e17	5.506610898701854e17
2.6086536176225558e17	5.569823646692518e17
2.63281546564802e17	5.63412912280626e17
2.6572011053244957e17	5.699557710224651e17
2.6818126094530182e17	5.766140897648539e17
2.706652070033236e17	5.833911325977021e17
2.7317215984413846e17	5.902902837041507e17
2.7570233256095827e17	5.973150524541738e17
2.7825594022071146e17	6.044690787842388e17
2.8083319988231754e17	6.117561387726762e17
2.8343433061513034e17	6.19180150527718e17
2.8605955351757507e17	6.26745180327022e17
2.8870909173592346e17	6.344554490737473e17
2.913831704832777e17	6.423153390615316e17
2.940820170587067e17	6.503294010470202e17
2.968058608665596e17	6.585023617247424e17
2.995549334359822e17	6.668391314738707e17
3.0232946844057766e17	6.753448125710532e17
3.051297017182858e17	6.840247077589614e17
3.07955871291423e17	6.928843292072333e17
3.108082173869057e17	7.019294079891217e17
3.1368698245668864e17	7.11165903969159e17
3.1659241119835206e17	7.206000161876863e17
3.1952475057592006e17	7.302381937835762e17
3.2248424984084454e17	7.400871474347566e17
3.254711605531841e17	7.501538613408753e17
3.284857366030054e17	7.604456058536077e17
3.3152823423194234e17	7.709699506709933e17
3.345989120549961e17	7.817347787288026e17
3.376980310825095e17	7.927483007963887e17
3.408258547423445e17	8.040190707007553e17
3.439826489022935e17	8.155560014362186e17
3.4716868189265594e17	8.273683819824288e17
3.503842245290661e17	8.394658949309088e17
3.5362955013550464e17	8.51858635066834e17
3.5690493456752224e17	8.645571288149984e17
3.602106562357081e17	8.775723545555231e17
3.635469961293318e17	8.909157641130548e17
3.669142378402479e17	9.04599305131192e17
3.703126675869931e17	9.186354446069596e17
3.7374257423910566e17	9.330371934749496e17
3.772042493417009e17	9.478181325703898e17
3.806979871402284e17	9.629924395750331e17
3.842240846055045e17	9.785749173569207e17
3.877828414589461e17	9.945810236489869e17
3.9137456019803757e17	1.0110269021468128e18
3.9499954612206554e17	1.0279294147626668e18
3.986581073580439e17	1.0453061757947636e18
4.023505548869277e17	1.0631755872268438e18
4.060772025700369e17	1.0815568758626726e18
4.098383671757253e17	1.1004701319908019e18
4.1363436840632864e17	1.119936349593592e18
4.174655289253135e17	1.139977468469832e18
4.213321743847272e17	1.1606164178961882e18
4.252346334528686e17	1.1818771623372703e18
4.2917323784221485e17	1.2037847485364925e18
4.3314832233764115e17	1.2263653549767854e18
4.3716022482485024e17	1.2496463427684849e18
4.412092863191172e17	1.273656308589871e18
4.45295850994266e17	1.2984251395315282e18
4.494202662119133e17	1.3239840696241917e18
4.5358288255102e17	1.3503657385153293e18
4.5778405383766163e17	1.377604251515016e18
4.620241371751294e17	1.4057352421484227e18
4.663034929742736e17	1.4347959359356652e18
4.7062248498412717e17	1.4648252157833382e18
4.7498148032285146e17	1.4958636895063695e18
4.793808495089107e17	1.5279537586480023e18
4.838209664925937e17	1.5611396815163978e18
4.883022086877885e17	1.5954676797208476e18
4.928249570040503e17	1.630985941640392e18
4.973895958790078e17	1.6677447652949844e18
5.0199651331100794e17	1.705796598868384e18
5.066461008921248e17	1.745196122841487e18
5.1133875384143315e17	1.7860003262549422e18
5.160748710385897e17	1.8282685827768773e18
5.208548550577676e17	1.8720627275880748e18
5.256791122018419e17	1.9174471330071158e18
5.3054805253695526e17	1.964488785129756e18
5.354620899273613e17	2.0132573583820068e18
5.404216420705904e17	2.0638252911156544e18
5.4542713053298477e17	2.1162678534722596e18
5.5047898078549677e17	2.1706632285712374e18
5.555776222398855e17	2.227092571837608e18
5.6072348828520384e17	2.285640082970591e18
5.659170163246231e17	2.346393069258874e18
5.711586478126447e17	2.409442006393064e18
5.764488282925873e17	2.474880596422003e18
5.817880074344911e17	2.5428058207269714e18
5.871766390733262e17	2.6133179895800627e18
5.92615181247554e17	2.686520785330232e18
5.981040962380956e17	2.762521301372667e18
6.036438506075864e17	2.841430075030381e18
6.092349152400686e17	2.9233611111021056e18
6.148777653810029e17	3.0084294169633577e18
6.205728806776488e17	3.0967634434677914e18
6.263207452198705e17	3.1884802215989315e18
6.321218475812448e17	3.283710222730438e18
6.379766808606257e17	3.3825849078407204e18
6.438857427240426e17	3.48523918657567e18
6.498495354469875e17	3.5918113816441574e18
6.558685659571448e17	3.7024431796806047e18
6.619433458774388e17	3.8172795593147366e18
6.680743915695588e17	3.9364687394650726e18
6.742622241778349e17	4.0601620714664253e18
6.805073696735192e17	4.188513948428298e18
6.868103588995322e17	4.3216816923157325e18
6.9317172761554e17	4.45982542315178e18
6.995920165435346e17	4.6031079215049713e18
7.06071771413778e17	4.751694473123647e18
7.126115430111731e17	4.905752700237024e18
7.192118872221207e17	5.065452381385221e18
7.258733650817245e17	5.230965256974319e18
7.3259654282152e17	5.402464821959525e18
7.393819919175873e17	5.5801261083473e18
7.462302891391092e17	5.764125455033232e18
7.531420165974391e17	5.954640271551967e18
7.601177617955323e17	6.151848784976593e18
7.67158117677927e17	6.355929786219373e18
7.742636826811278e17	6.567062363407561e18
7.814350607844526e17	6.78542563390605e18
7.886728615614172e17	7.011198477710192e18
7.959777002314977e17	7.244559215198939e18
8.033501977124701e17	7.485685419720909e18
8.107909806731694e17	7.734753544266105e18
8.183006815867373e17	7.991938697077671e18
8.258799387844289e17	8.257414357958945e18
8.335293965098188e17	8.531352129223444e18
8.412497049736084e17	8.813921495470254e18
8.490415204088755e17	9.105289635833787e18
8.56905505126833e17	9.40562127842004e18
8.648423275731744e17	9.715078668983308e18
8.728526623848371e17	1.003382167740288e19
8.809371904473955e17	1.0362008144774672e19
8.890965989529167e17	1.0699794582352908e19
8.973315814583501e17	1.1047337376376769e19
9.056428379445312e17	1.1404794762609293e19
9.140310748756223e17	1.177232982660083e19
9.224970052592137e17	1.2150114977677656e19
9.310413487069085e17	1.2538338363204657e19
9.396648314954671e17	1.2937212890033134e19
9.483681866285947e17	1.334698863891939e19
9.571521538991855e17	1.3767969594734512e19
9.660174799522606e17	1.4200535934935966e19
9.749649183484096e17	1.4645173287870142e19
9.839952296278207e17	1.5102510832630462e19
9.931091813749821e17	1.5573370708459284e19
1.0023075482838643e18	1.6058832055624505e19
1.0115911122238339e18	1.6560314480461703e19
1.0209606623060476e18	1.7079688008673608e19
1.0304169949505853e18	1.7619420242430038e19
1.0399609139541225e18	1.8182777655372945e19
1.0495932305582266e18	1.877410802701723e19
1.0593147635183744e18	1.9399248897547624e19
1.0691263391734771e18	2.006613861767543e19
1.0790287915161814e18	2.0785765742150062e19
1.0890229622637327e18	2.1573709433950822e19
1.0991097009294962e18	2.2452767174615646e19
1.1092898648952273e18	2.3457713831302394e19
1.1195643194838794e18	2.464458220223274e19
1.1299339380332193e18	2.6110550297077486e19
1.1403996019700355e18	2.804225727025751e19
1.1509622008850312e18	3.0855804766240846e19
1.1616226326085066e18	3.572649901727192e19
1.1723818032865997e18	4.772532627461114e19
1.1832406274583757e18	1.1275704133308593e20
1.194200028133535e18	6.919059531112692e20
1.2052609368708413e18	4.851924853560108e21
1.216424293857373e18	3.3615767710861915e22
1.2276910479883604e18	2.3004027494628616e23
1.2390621569479132e18	1.5551744066122146e24
1.2505385872903939e18	1.038987617392318e25
1.2621213145225462e18	6.862025419935071e25
1.2738113231864837e18	4.4819557292832634e26
1.2856096069432965e18	2.8956818241171487e27
1.297517168657584e18	1.8503467409839112e28
1.3095350204826703e18	1.1689703985150512e29
1.3216641839466038e18	7.299773049865674e29
1.333905690039064e18	4.507282842062204e30
1.346260579298911e18	2.75217106693109e31
1.3587299019027064e18	1.6622445261400785e32
1.3713147177539484e18	9.931128881881888e32
1.3840160965731302e18	5.870644428877421e33
1.3968351179887455e18	3.432876239705529e34
1.4097728716289677e18	1.98597686729359e35
1.422830457214349e18	1.1365205479473725e36
1.4360089846512635e18	6.433904567590768e36
1.4493095741262152e18	3.602823335742246e37
1.4627333562011359e18	1.996252625253779e38
1.476281471909391e18	1.0944120241048688e39
1.4899550728528507e18	5.937141532246019e39
1.5037553212997414e18	3.1874232299476458e40
1.5176833902834038e18	1.6935501648916346e41
1.5317404637020861e18	8.905918895987696e41
1.5459277364194785e18	4.6355965134011e42
1.5602464143663647e18	2.3883668561010995e43
1.57469771464309e18	1.21811075647016e44
1.5892828656229763e18	6.15013762030087e44
1.6040031070568264e18	3.07409804941002e45
1.6188596901781993e18	1.5212782748184005e46
1.633853877809857e18	7.453868124539997e46
1.6489869444710682e18	3.616276589758569e47
1.6642601764859018e18	1.7372968376827295e48
1.67967487209266e18	8.265043565882155e48
1.6952323415541215e18	3.894053585737755e49
1.71093390726901e18	1.8170707903592515e50
1.7267809038843594e18	8.398133222147515e50
1.7427746784089172e18	3.8447004011353414e51
1.75891659032774e18	1.7435660492633426e52
1.775208011717636e18	7.833151976700341e52
1.7916503273638958e18	3.486430322048407e53
1.8082449348779553e18	1.5374216285300895e54
1.8249932448161505e18	6.717958889634908e54
1.8418966807997184e18	2.9083036885872144e55
1.8589566796356882e18	1.2475513343270865e56
1.8761746914391158e18	5.302860840876054e56
1.893552179756299e18	2.2336684665967923e57
1.9110906216891359e18	9.325253232695804e57
1.9287915080207857e18	3.858361189344047e58
1.9466563433422633e18	1.5826412826291075e59
1.9646866461804406e18	6.435413699267479e59
1.9828839491270753e18	2.594567075634919e60
2.001249798969035e18	1.0372040295437444e61
2.0197857568198866e18	4.1115766942715085e61
2.038493398252464e18	1.6157795890784722e62
2.0573743134329073e18	6.295142869575883e62
2.076430107255779e18	2.4318658322584463e63
2.0956623994804308e18	9.315008352404602e63
2.1150728248688033e18	3.539402898450248e64
2.1346630333242455e18	1.3341040141024313e65
2.154434690031878e18	4.989071795106445e65
2.1743894756000845e18	1.851003941350424e66
2.1945290862033114e18	6.810425609187022e66
2.2148552337263683e18	2.485354432286232e67
2.2353696459097966e18	8.997508001926456e67
2.2560740664968545e18	3.232309347860143e68
2.2769702553816847e18	1.1526348687358044e69
2.2980599887588488e18	4.079819600882496e69
2.319345059274437e18	1.4325830000181787e70
2.3408272761782943e18	4.990759630300916e70
2.36250846547794e18	1.7254792824847426e71
2.384390470093725e18	5.922904281140711e71
2.406475150015422e18	2.0191012481745402e72
2.4287643824604605e18	6.831356442218581e72
2.45126006203334e18	2.293605300737048e73
2.4739641008868065e18	7.643860427697084e73
2.496878428884332e18	2.53010083287366e74
2.5200049937640893e18	8.319722139633701e74
2.5433457613046584e18	2.7156889214761765e75
2.566902715491952e18	8.798719123962497e75
2.590677858688001e18	2.8312107576967586e76
2.614673211801097e18	9.052262220863363e76
2.638890814457508e18	2.8753697372468293e77
2.663332725174992e18	9.066473665083096e77
2.6880010215376077e18	2.8390710127857413e78
2.712897800372459e18	8.835787229946721e78
2.7380251779278633e18	2.7329996987357944e79
2.763385290053167e18	8.393484289110668e79
2.788980292380451e18	2.560413255355908e80
2.8148123605075814e18	7.765163763565975e80
2.8408836901832955e18	2.3407281158369188e81
2.867196497493776e18	7.00711180863757e81
2.8937530190509476e18	2.0843461715105457e82
2.920555512182757e18	6.166504524502272e82
2.9476062551248584e18	1.8129016497520308e83
2.974907547214431e18	5.294729246224895e83
3.002461709085555e18	1.5373514666899041e84
3.030271082866393e18	4.440395455089659e84
3.0583380323784443e18	1.2741828982841338e85
3.0866649433372744e18	3.63393498962828e85
3.1152542235554785e18	1.031226048828273e86
3.144108303147271e18	2.9091630045728426e86
3.173229634734973e18	8.154706695704406e86
3.2026206936576635e18	2.274433678781811e87
3.2322839781813806e18	6.309537012440481e87
3.26222200971166e18	1.7395661236954117e88
3.292437333007776e18	4.770874408614013e88
3.3229325163989683e18	1.3021037408240979e89
3.3537101520029425e18	3.5323303644357413e89
3.384772855945983e18	9.531305235456052e89
3.416123268585518e18	2.5603358155045005e90
3.447764054734471e18	6.836970996814976e90
3.479697903887688e18	1.8161192041743214e91
3.5119275304507423e18	4.803445682905851e91
3.5444556739704356e18	1.2630999065417525e92
3.5772850993678623e18	3.3050600615866164e92
3.610418597173345e18	8.609772505437183e92
3.6438589837635405e18	2.230298406469023e93
3.6776091016010455e18	5.75107419051563e93
3.711671819475767e18	1.4764257902387466e94
3.746050032748982e18	3.768886762139938e94
3.780746663599357e18	9.582115995405583e94
3.815764661271245e18	2.424763409228032e95
3.8511070023255844e18	6.103265687862787e95
3.886776690892668e18	1.5305783881506475e96
3.9227767589277076e18	3.8192340452489816e96
3.9591102664684667e18	9.484787601082823e96
3.9957803018952653e18	2.3467677304512076e97
4.032789982193722e18	5.7756636689934e97
4.070142453219439e18	1.4160273678976784e98
4.107840889965634e18	3.457005665200398e98
4.1458884968329196e18	8.397885027490138e98
4.184288507901576e18	2.0332994675078709e99
4.2230441872066893e18	4.899259946195281e99
4.262158829015325e18	1.1757148700425656e100
4.3016357581067817e18	2.810960706742197e100
4.3414783300551014e18	6.687755890528303e100
4.3816899315141857e18	1.5861843354891843e101
4.422273980505915e18	3.744930124386458e101
4.4632339267103974e18	8.807490291747776e101
4.5045732517594445e18	2.0642114356409482e102
4.546295469532409e18	4.814624499153669e102
4.588404126454752e18	1.1199222155003645e103
4.630902801799756e18	2.5928504914637443e103
4.673795107992463e18	5.983177601117824e103
4.717084690917003e18	1.3756600527046783e104
4.760775230226378e18	3.1496158093926304e104
4.804870439655124e18	7.190458906321788e104
4.849374067335253e18	1.6341555719917152e105
4.894289896114531e18	3.703820983929188e105
4.939621743878306e18	8.360797276115735e105
4.985373463873904e18	1.8810465286865938e106
5.031548945038046e18	4.218343998776318e106
5.078152112327691e18	9.422167756781845e106
5.125186927053332e18	2.0989749803297758e107
5.172657387216003e18	4.656346024626348e107
5.220567527846986e18	1.0304535350386463e108
5.268921421350666e18	2.27105938329057e108
5.317723177850989e18	4.991865842002111e108
5.366976945540476e18	1.093475670948019e109
5.416686911033135e18	2.3874651634302103e109
5.466857299720192e18	5.198187958936871e109
5.517492376129117e18	1.1275915124345667e110
5.568596444286431e18	2.440346948834948e110
5.620173848083188e18	5.2605737599651954e110
5.672228971644526e18	1.1315615513598358e111
5.72476623970219e18	2.4246565285939337e111
5.777790117970495e18	5.184704632950788e111
5.831305113526242e18	1.1045592745888726e112
5.885315775191451e18	2.3478354467873454e112
5.939826693920338e18	4.97394581382926e112
5.994842503189421e18	1.0509668032128316e113
6.050367879391212e18	2.2145327270720654e113
6.106407542232061e18	4.652362356714091e113
6.162966255132942e18	9.75055441857782e113
6.220048825634692e18	2.036987993322389e114
6.277660105806513e18	4.2465973801898517e114
6.335804992658242e18	8.823372177065568e114
6.394488428556963e18	1.829853316662106e115
6.453715401646702e18	3.781889972768137e115
6.513490946272782e18	7.802848379497971e115
6.573820143409598e18	1.6043734096300524e116
6.634708121092337e18	3.293431445944898e116
6.696160054853243e18	6.737771668389591e116
6.75818116816111e18	1.376250892501584e117
6.820776732865664e18	2.8017650278817594e117
6.883952069645511e18	5.694989348027865e117
6.947712548460226e18	1.1538267072333578e118
7.012063589007205e18	2.334130317215715e118
7.07701066118189e18	4.706850539385697e118
7.142559285543105e18	9.477254751739729e118
7.20871503378215e18	1.9023362723179558e119
7.275483529196217e18	3.812866332979513e119
7.342870447166788e18	7.618964339982561e119
7.41088151564157e18	1.5202551649414627e120
7.479522515621798e18	3.024403054383592e120
7.548799281653447e18	6.008411514407308e120
7.618717702322984e18	1.1901463158707553e121
7.689283720758337e18	2.3542992766995365e121
7.760503335133571e18	4.643639461564047e121
7.832382599179172e18	9.147474879801324e121
7.904927622696437e18	1.7967728898249393e122
7.978144572076613e18	3.524969141406561e122
8.052039670825503e18	6.895760693317436e122
8.126619200091946e18	1.3474083435726686e123
8.201889499202178e18	2.6254385312536713e123
8.277856966198489e18	5.1098321605874355e123
8.354528058382854e18	9.918069865730753e123
8.431909292866286e18	1.9228691495391751e124
8.510007247122247e18	3.718189679222146e124
8.588828559546224e18	7.181240192942196e124
8.668379930019792e18	1.383524107572398e125
8.748668120479897e18	2.662108329014682e125
8.829699955494119e18	5.110490299608398e125
8.911482322840202e18	9.79710487399476e125
8.994022174092017e18	1.8744145321148535e126
9.077326525210242e18	3.580010827619638e126
9.161402457138503e18	6.826305889619074e126
9.246257116405772e18	1.299256586810963e127
9.331897715733238e18	2.469010228360649e127
9.418331534647923e18	4.682938807789326e127
9.50556592010121e18	8.871086552025423e127
9.593608287093127e18	1.6767232392554825e128
9.682466119303154e18	3.1661518628406367e128
9.772146969725725e18	5.964720273777817e128
9.86265846131279e18	1.1227490601011649e129
9.95400828762154e18	2.1084768186533467e129
1.004620421346811e19	3.956293835914579e129
1.0139254075588184e19	7.407277851872068e129
1.023316578330245e19	1.385509510633301e130
1.0327947319189484e19	2.586757089256369e130
1.0423606739764034e19	4.82289677209238e130
1.0520152176161569e19	8.97919073028534e130
1.0617591834830033e19	1.6691334355883038e131
1.071593399822671e19	3.099041512371362e131
1.0815187025522848e19	5.74304063527871e131
1.0915359353313933e19	1.0634064285309825e132
1.1016459496336546e19	1.9650043292177908e132
1.1118496048192743e19	3.6285777769824404e132
1.1221477682079803e19	6.68674999856706e132
1.132541315152808e19	1.2313747849063465e133
1.143031129114481e19	2.2635384769736372e133
1.153618101736476e19	4.1564020847605474e133
1.1643031329208803e19	7.621719424824668e133
1.1750871309048076e19	1.3958017295024013e134
1.1859710123376658e19	2.553431443494567e134
1.1969557023590453e19	4.663276900070757e134
1.2080421346773264e19	8.510662656181238e134
1.2192312516491145e19	1.5503210237090273e135
1.2305240043592616e19	2.8225799622984607e135
1.2419213527017796e19	5.1298776984104376e135
1.253424265461402e19	9.315807766264233e135
1.2650337203959011e19	1.689351653392495e136
1.2767507043192697e19	3.060454067536431e136
1.288576213185518e19	5.538175992101616e136
1.3005112521734046e19	1.0007516540634217e137
1.3125568357718454e19	1.8071809686627368e137
1.3247139878661149e19	3.2579449876679e137
1.3369837418249507e19	5.8707108635531985e137
1.3493671405883064e19	1.0561622791376254e138
1.3618652367560772e19	1.898782969750734e138
1.3744790926775394e19	3.409228477678983e138
1.3872097805416182e19	6.11580841981307e138
1.4000583824681017e19	1.096024867171371e139
1.4130259905995336e19	1.961594469334183e139
1.4261137071941239e19	3.508882560153672e139
1.4393226447194094e19	6.266763090591968e139
1.4526539259467782e19	1.1188271265642724e140
1.466108684046989e19	1.9945552183944642e140
1.4796880626863964e19	3.5537304960300135e140
1.4933932161242472e19	6.324307352340241e140
1.5072253093107587e19	1.1243837271377456e141
1.5211855179861017e19	1.997679471412162e141
1.5352750287804275e19	3.5444992330221005e141
1.5494950393146317e19	6.286851159376118e141
1.5638467583022414e19	1.113530031213775e142
1.5783314056521198e19	1.971521388943855e142
1.5929502125721197e19	3.4862655717652526e142
1.6077044216738286e19	6.160349753960466e142
1.622595287078087e19	1.0877140847702262e143
1.6376240745216823e19	1.918414845357885e143
1.6527920614648973e19	3.3822508255005153e143
1.6681005372000557e19	5.955425170475292e143
1.6835508029612075e19	1.0482150991571702e144
1.699144172034626e19	1.842861586417005e144
1.7148819698705338e19	3.2383949167351576e144
1.7307655341957276e19	5.685601583768775e144
1.7467962151272421e19	9.972912957035668e144
1.7629753752872112e19	1.748614735868614e145
1.7793043899185773e19	3.0624280129845806e145
1.7957846470020895e19	5.36155304729086e145
1.8124175473742395e19	9.376541108232453e145
1.8292045048462901e19	1.6392266686076158e146
1.8461469463245533e19	2.863172486657139e146
1.86324631193156e19	4.997048644068694e146
1.8805040551285756e19	8.71783986481863e146
1.8979216428391035e19	1.5193303597175132e147
1.915500555573524e19	2.6470731854745158e147
1.933242287555051e19	4.607579899953935e147
1.9511483468466164e19	8.016528786693656e147
1.9692202554791653e19	1.3936850020662917e148
1.987459549580986e19	2.4212537527948495e148
2.0058677795082297e19	4.2049355421320934e148
2.02444650997681e19	7.295656679533413e148
2.0431973201952707e19	1.2655405043130234e149
2.062121803999136e19	2.193184134538474e149
2.0812215699863413e19	3.799453863420544e149
2.100498241653911e19	6.577465735449e149
2.1199534575360774e19	1.1379372595487103e150
2.1395888713434214e19	1.9680835559991796e150
2.1594061521035588e19	3.400813155554956e150
2.179406984302958e19	5.875769369869702e150
2.1995930680300704e19	1.0142065712200424e151
2.2199661191199617e19	1.750115379613925e151
2.240527869300018e19	3.018069562010746e151
2.26128006633727e19	5.2014749990243406e151
2.2822244741869007e19	8.962202023976551e151
2.3033628731421266e19	1.5428926692583455e152
2.324697059985655e19	2.655909886796045e152
2.3462288481422623e19	4.5676968856344745e152
2.367960067833069e19	7.853485627966327e152
2.3898925662310527e19	1.3495232034171247e153
2.412028207618002e19	2.31757081601863e153
2.434368873543118e19	3.9792325728748405e153
2.45691646298279e19	6.826637532326e153
2.47967289250215e19	1.1710524499024634e154
2.502640096417922e19	2.0071106235479817e154
2.5258200269627793e19	3.439032793967072e154
2.549214654451431e19	5.889484313193457e154
2.572825967447932e19	1.0080283979070024e155
2.5966559729348616e19	1.7247349509384982e155
2.620706696483855e19	2.9490154430639816e155
2.6449801824277144e19	5.040945399698281e155
2.669478494034329e19	8.610170135047461e155
2.6942037136818823e19	1.4701031943907462e156
2.7191579430360076e19	2.508799413174738e156
2.744343303228368e19	4.278573707235271e156
2.7697619350368854e19	7.294749098791582e156
2.795415999067865e19	1.2425688612847177e157
2.821307675939471e19	2.115939554690355e157
2.8474391664672362e19	3.600224347742178e157
2.8738126918510694e19	6.122374778039543e157
2.9004304938639856e19	1.040558734197917e158
2.927294835042825e19	1.7670402111908055e158
2.9544079988803797e19	2.9995077472440996e158
2.981772290019661e19	5.086005383018274e158
3.0093900344497242e19	8.619401132321976e158
3.0372635797033054e19	1.459335516858248e159
3.065395295056536e19	2.4688498586120364e159
3.0937875717301367e19	4.1731207396125424e159
3.122442823092845e19	7.046004409477511e159
3.1513634848664826e19	1.1887042130611506e160
3.180552015332913e19	2.0027253273449365e160
3.2100108955431813e19	3.370951301899931e160
3.2397426295281955e19	5.666708468536369e160
3.2697497445117546e19	9.51331323522865e160
3.3000347911252886e19	1.5952128611260438e161
3.330600343624582e19	2.670153374936301e161
3.3614490001087754e19	4.4635783725576793e161
3.392583382740992e19	7.447760803364065e161
3.4240061379714118e19	1.2406664300747845e162
3.455719936762143e19	2.0629340740511227e162
3.4877274748141703e19	3.4226021913712835e162
3.5200314727966896e19	5.667586382491094e162
3.5526346765781393e19	9.361737377328118e162
3.5855398574598025e19	1.542981548244706e163
3.6187498124112843e19	2.5364044373416895e163
3.652267364308168e19	4.1579584854060977e163
3.686095362172169e19	6.797668604153052e163
3.720236681413066e19	1.1077121513864333e164
3.754694224073322e19	1.799686067784869e164
3.789470919074672e19	2.9139295558653537e164
3.824569722466991e19	4.70061426566079e164
3.8599936176797794e19	7.555864265637592e164
3.895745615775501e19	1.2095395237092948e165
3.9318287557057544e19	1.9285222953115783e165
3.968246104569486e19	3.061796260052328e165
4.0050007578736026e19	4.837994942415593e165
4.042095839796318e19	7.609959769114648e165
4.079534503452449e19	1.1911561569547286e166
4.117319931161662e19	1.85468547867588e166
4.155455334718879e19	2.872945384906773e166
4.1939439556671775e19	4.4251127144043304e166
4.232789065573562e19	6.778112624240173e166
4.271993966306777e19	1.0321332979703809e167
4.311561990318211e19	1.5619191498317095e167
4.351496500925054e19	2.3493921045734694e167
4.391800892596077e19	3.511194633942966e167
4.43247859124041e19	5.212446994001119e167
4.473533054498463e19	7.687664400956011e167
4.514967772036084e19	1.1260665329154604e168
4.5567862658410684e19	1.6377739194059881e168
4.598992090522429e19	2.365483649234152e168
4.641588833612792e19	3.392379683941215e168
4.684580115873045e19	4.82925536145862e168
4.727969591600371e19	6.823830954068662e168
4.77176094893875e19	9.572694039415638e168
4.815957910192341e19	1.3329570675542603e169
4.860564232142148e19	1.842023747272377e169
4.905583706365045e19	2.526590689472331e169
4.951020159556331e19	3.4400177509976844e169
4.996877453854889e19	4.648555023034073e169
5.043159487171348e19	6.234329156407662e169
5.0898701935196955e19	8.299518805077213e169
5.137013543351339e19	1.0968400890640405e170
5.184593543892892e19	1.4389675264735283e170
5.232614239486667e19	1.8740974798833166e170
5.28107971193432e19	2.423108624095673e170
5.3299940808441045e19	3.111380579626703e170
5.379361503980698e19	3.9673024315248886e170
5.42918617761892e19	5.02381555303791e170
5.479472336900293e19	6.318763442417411e170
5.530224256192889e19	7.894217161233013e170
5.581446249454978e19	9.799968179259002e170
5.633142670601352e19	1.2088247954638276e171
5.68531791387373e19	1.4818058585363328e171
5.73797641421414e19	1.8054246053583192e171
5.791122647641747e19	2.186546921824663e171
5.844761131633649e19	2.6326042086972474e171
5.898896425508494e19	3.1521854372421445e171
5.953533130814346e19	3.7537385652000042e171
6.008675891719693e19	4.445905611900557e171
6.064329395408049e19	5.238191321022295e171
6.120498372476715e19	6.140708823162905e171
6.177187597338488e19	7.163222106044835e171
6.234401888627838e19	8.315626780566525e171
6.29214610961035e19	9.609991731173222e171
6.350425168595949e19	1.1056563315220399e172
6.40924401935647e19	1.2666090561709265e172
6.468607661546321e19	1.444808956010449e172
6.528521141127821e19	1.6413710548767594e172
6.588989550799956e19	1.8574632148060847e172
6.650018030431105e19	2.09398279810885e172
6.7116117674963e19	2.351938338583479e172
6.7737759975177445e19	2.632110051726516e172
6.8365160045102105e19	2.9358740767712656e172
6.899837121430025e19	3.263938648421113e172
6.963744730628208e19	3.6171553133081706e172
7.028244264308367e19	3.996305983749052e172
7.093341204987989e19	4.402100904033539e172
7.159041085964859e19	4.8348385834900106e172
7.225349491787221e19	5.295777880477425e172
7.292272058728298e19	5.7846931983657e172
7.359814475265786e19	6.302889930182928e172
7.42798248256491e19	6.850395171999754e172
7.496781874966846e19	7.427599183069424e172
7.566218500481063e19	8.0348451116247e172
7.636298261282226e19	8.672077568430662e172
7.70702711421232e19	9.339860349415302e172
7.778411071286482e19	1.0038741142557826e173
7.850456200204476e19	1.0768482647738295e173
7.923168624866261e19	1.1529136783302216e173
7.99655452589233e19	1.2320694786992809e173
8.070620141149523e19	1.314309082714451e173
8.145371766280738e19	1.3996207082549915e173
8.220815755240507e19	1.487876623764808e173
8.296958520834915e19	1.5792772626092825e173
8.373806535266473e19	1.6736895670822273e173
8.451366330684739e19	1.771087110671704e173
8.529644499741016e19	1.8713037387286617e173
8.608647696149209e19	1.9745816968686145e173
8.688382635251193e19	2.0807536162521746e173
8.76885609458741e19	2.1897861108034084e173
8.850074914473456e19	2.3016446536189818e173
8.932045998580959e19	2.4162936868659804e173
9.01477631452488e19	2.5336966963172265e173
9.098272894455567e19	2.6538162641707507e173
9.182542835656263e19	2.7766141147220557e173
9.267593301146903e19	2.9018193762725015e173
9.353431520292377e19	3.02985286706344e173
9.440064789417565e19	3.1604452368714854e173
9.5275004724273e19	3.293555374755254e173
9.615746001432076e19	3.429141685637781e173
9.704808877380326e19	3.5671622126604234e173
9.794696670695386e19	3.7075747719998713e173
9.885417021919533e19	3.8503370983647277e173
9.976977642363211e19	3.9954069951350995e173
1.0069386314760251e20	4.1427424864782347e173
1.0162650893929973e20	4.292301968293647e173
1.0256779307444208e20	4.444044352342776e173
1.0351779556301804e20	4.597929204141253e173
1.0447659715608052e20	4.753916868671975e173
1.0544427935261663e20	4.9116008969682376e173
1.0642092440647269e20	5.071675467538274e173
1.0740661533334323e20	5.233739680063067e173
1.0840143591783354e20	5.397758000537321e173
1.0940547072057436e20	5.563696105431007e173
1.104188050854158e20	5.731520929154589e173
1.1144152514667903e20	5.901200694544235e173
1.1247371783647507e20	6.072253451646155e173
1.1351547089210037e20	6.245549332750892e173
1.1456687286348726e20	6.420612767414445e173
1.156280131207373e20	6.597417250235044e173
1.1669898186171498e20	6.775937580784572e173
1.177798701197118e20	6.956149843867074e173
1.1887076977119081e20	7.138031388639949e173
1.1997177354358854e20	7.321560800970189e173
1.210829750232037e20	7.506717874576451e173
1.2220446866314912e20	7.693483580011954e173
1.2333634979137747e20	7.881840032377332e173
1.2447871461879112e20	8.071770458544736e173
1.2563166024741215e20	8.263259163738985e173
1.2679528467864314e20	8.456291498378326e173
1.2796968682159442e20	8.650853825823089e173
1.2915496650148826e20	8.846933490582698e173
1.3035122446815142e20	9.044518787548914e173
1.3155856240457051e20	9.24359893206661e173
1.3277708293554263e20	9.443785747319941e173
1.3400688963639534e20	9.645439068702254e173
1.352480870417874e20	9.848943196202639e173
1.3650078065460193e20	1.0053907735057812e174
1.377650769549055e20	1.0260326102480986e174
1.3904108340900669e20	1.0468192486223138e174
1.403289084785876e20	1.0677501822253355e174
1.4162866162991974e20	1.0888249776404214e174
1.4294045334317669e20	1.1100432725766117e174
1.4426439512181588e20	1.1314047741288116e174
1.4560059950206455e20	1.1529092571716786e174
1.4694918006248202e20	1.1745565628593266e174
1.4831025143361028e20	1.1963465970249445e174
1.4968392930772615e20	1.218279329032624e174
1.5107033044866558e20	1.2403547903423132e174
1.5246957270175698e20	1.2625730733137407e174
1.5388177500383494e20	1.2849343300588869e174
1.5530705739334586e20	1.3074387712989717e174
1.5674554102056013e20	1.330086665329532e174
1.5819734815786015e20	1.3528783370261212e174
1.596626022101422e20	1.3758141668350482e174
1.6114142772530233e20	1.3988945898651849e174
1.6263395040481906e20	1.4221200950042763e174
1.641402971144473e20	1.445491223915365e174
1.6566059589499152e20	1.4690085704505476e174
1.671949759731985e20	1.4926727795960207e174
1.6874356777273793e20	1.5164845467957624e174
1.7030650292528428e20	1.5404446171448265e174
1.7188391428171527e20	1.5645537846535748e174
1.7347593592339327e20	1.5888128914759908e174
1.7508270317357197e20	1.6131017907110065e174
1.7670435260889504e20	1.6376629605385755e174
1.7834102207100063e20	1.6623768812418645e174
1.7999285067824837e20	1.6872445805478852e174
1.8165997883753287e20	1.712267130943977e174
1.833425482562285e20	1.737445649010041e174
1.8504070195423058e20	1.7627812947389012e174
1.867545842761074e20	1.7882752709869109e174
1.8848434090338032e20	1.813928822874185e174
1.902301188668946e20	1.8397432370968016e174
1.919920665593279e20	1.8657198414330783e174
1.937703337477993e20	1.8918600041400737e174
1.9556507158659472e20	1.918165133424155e174
1.9737643263002634e20	1.9446366768838201e174
1.9920457084538713e20	1.971128063511506e174
2.0104964162604928e20	1.997936352108415e174
2.0291180180466824e20	2.0249156314403405e174
2.0479120966650832e20	2.052067501463558e174
2.0668802496290904e20	2.0793935991415374e174
2.086024089248505e20	2.1068955977723164e174
2.1053452427666997e20	2.134575206729936e174
2.1248453524988874e20	2.1624341709985697e174
2.1445260759716653e20	2.1904742706601846e174
2.1643890860640292e20	2.218697320630085e174
2.1844360711494284e20	2.2471051701329393e174
2.204668735239403e20	2.275699702521419e174
2.2250887981283738e20	2.3044828347352067e174
2.2456979955397716e20	2.333456517068581e174
2.2664980792737022e20	2.3626227328234495e174
2.2874908173557042e20	2.3919834979827286e174
2.3086779941871626e20	2.4215408609535123e174
2.3300614106969296e20	2.4512969022301904e174
2.351642884494346e20	2.4812537341785403e174
2.373424250023876e20	2.511413500788992e174
2.3954073587208795e20	2.5417783773628364e174
2.4175940791691235e20	2.5723505703737418e174
2.4399862972595552e20	2.603132317270101e174
2.4625859163505443e20	2.6341258861508257e174
2.4853948574298086e20	2.6653335757857405e174
2.5084150592775412e20	2.6967577151447463e174
2.5316484786313478e20	2.728400663626219e174
2.5550970903525124e20	2.7602648106191396e174
2.5787628875937982e20	2.792352575402839e174
2.6026478819690152e20	2.8246664072374404e174
2.6267541037238383e20	2.857208785025263e174
2.651083601908531e20	2.8899822173082702e174
2.6756384445520508e20	2.9229892422014825e174
2.7004207188377698e20	2.9562324273083523e174
2.725432531281039e20	2.989714369649083e174
2.7506760079080676e20	3.023437695621685e174
2.7761532944367924e20	3.0574050609549454e174
2.801866556459201e20	3.0916191507048357e174
2.8278179796253383e20	3.125958016337308e174
2.8540097698292492e20	3.1605466997586285e174
2.8804441533962977e20	3.1955165624641563e174
2.9071233772725695e20	3.2307441838822916e174
2.934049709215793e20	3.266232395589886e174
2.961225437988032e20	3.3019840583820345e174
2.988652873550395e20	3.338002062516459e174
3.0163343472591975e20	3.3742893278634477e174
3.0442722120642934e20	3.4108488035530113e174
3.07246884270901e20	3.447683468419185e174
3.100926635931923e20	3.484796330951011e174
3.1296480106707635e20	3.52219042930455e174
3.158635408267819e20	3.559868831511973e174
3.187891292677636e20	3.5978346355095213e174
3.2174181506763784e20	3.636090969258746e174
3.2472184920731255e20	3.674640990858112e174
3.277294849923396e20	3.713487888664421e174
3.3076497807442425e20	3.752634881417444e174
3.3382858647317506e20	3.7920852183800316e174
3.369205705980274e20	3.8318421794549067e174
3.4004119327037024e20	3.8719090753655142e174
3.4319071974590566e20	3.9122892477909237e174
3.463694177371734e20	3.9529860694918564e174
3.495775574363265e20	3.994002944578598e174
3.52815411538089e20	4.035343308534722e174
3.5608325526292745e20	4.077010628532876e174
3.5938136638046405e20	4.1190084035435885e174
3.6271002523306485e20	4.161340164526297e174
3.6606951475968914e20	4.204009474630921e174
3.69460120519931e20	4.2470199293842615e174
3.72882130718283e20	4.290375156933817e174
3.763358362286548e20	4.33407881823584e174
3.798215306190736e20	4.3781346072768805e174
3.8333951017665895e20	4.422546251264438e174
3.8689007393279836e20	4.467317510893837e174
3.904735236885556e20	4.512452180535106e174
3.940901640403464e20	4.557954088530418e174
3.9774030240580364e20	4.6038270974085725e174
4.01424249049931e20	4.650075104012889e174
4.0514231711146554e20	4.6967020399734765e174
4.088948226294856e20	4.743711871804202e174
4.126820845702969e20	4.791108601193716e174
4.165044248545185e20	4.838896265306583e174
4.2036216838447006e20	4.887078936990576e174
4.242556430717786e20	4.935660725105443e174
4.281851798652407e20	4.984645774785638e174
4.32151112778978e20	5.034038267700124e174
4.361537789208006e20	5.083842422367346e174
4.401935185208861e20	5.134062494417816e174
4.442706749606892e20	5.184702776939907e174
4.483855948021181e20	5.235767600675019e174
4.5253862781701856e20	5.287261334486366e174
4.567301270168747e20	5.338789704756528e174
4.60960448682842e20	5.391153389685149e174
4.652299523960199e20	5.443959321714624e174
4.695390010680053e20	5.497212025037847e174
4.7388796097176705e20	5.550916063271431e174
4.7827720177274854e20	5.605076040049113e174
4.8270709656031684e20	5.6596965993458705e174
4.8717802187946407e20	5.714782425632594e174
4.916903577628021e20	5.770338244459544e174
4.962444877628934e20	5.826368822720933e174
5.008407989848212e20	5.8828789689311315e174
5.054796821191225e20	5.9398735336486216e174
5.1016153147498444e20	5.9973574098391845e174
5.148867450137487e20	6.055335533247436e174
5.196557243827679e20	6.1138128827281855e174
5.244688749495119e20	6.172794480659843e174
5.293266058360545e20	6.232285393341978e174
5.342293299538363e20	6.292290731314584e174
5.3917746403874944e20	6.35281564982027e174
5.44171428686591e20	6.413865349145172e174
5.4921164838877895e20	6.474958651137583e174
5.542985515684652e20	6.537072346503544e174
5.594325706169389e20	6.599726696620283e174
5.646141419303661e20	6.662927085963925e174
5.698437059469159e20	6.726678946356242e174
5.7512170718416136e20	6.790987756849561e174
5.80448594276896e20	6.855859044684854e174
5.858248200152548e20	6.9212983854213335e174
5.912508413831869e20	6.9873114033927065e174
5.967271195973335e20	7.053903772319069e174
6.022541201461928e20	7.121081215577322e174
6.078323128297212e20	7.188849506683295e174
6.134621717992518e20	7.257214469803716e174
6.191441755977835e20	7.326181980192565e174
6.248788072006914e20	7.395757964658616e174
6.306665540567406e20	7.465948402048325e174
6.365079081295552e20	7.536759323676377e174
6.424033659394203e20	7.608196813878195e174
6.483534286054714e20	7.680267010450037e174
6.543586018883256e20	7.752976105147683e174
6.604193962330305e20	7.826330344201452e174
6.665363268124894e20	7.900336028829081e174
6.727099135712351e20	7.974999515644438e174
6.789406812696099e20	8.050327217299982e174
6.852291595284085e20	8.126325603009031e174
6.915758828738525e20	8.203001198936093e174
6.979813907830639e20	8.280360588783397e174
7.044462277299051e20	8.35841041445787e174
7.109709432312424e20	8.437157376424148e174
7.17556091893695e20	8.516608234289002e174
7.242022334607315e20	8.596769807572852e174
7.309099328602888e20	8.677648975937785e174
7.376797602527745e20	8.75925267987304e174
7.445122910795128e20	8.841587921402666e174
7.514081061116993e20	8.92466176449411e174
7.583677914997191e20	9.00848133579293e174
7.653919388230125e20	9.093053824764287e174
7.724811451403416e20	9.178386485169521e174
7.796360130405221e20	9.264486634740915e174
7.868571506936876e20	9.35136165631828e174
7.94145171902934e20	9.439018998234639e174
8.01500696156538e20	9.527466175071405e174
8.089243486805954e20	9.616710768238066e174
8.164167604921455e20	9.706760426540203e174
8.239785684528545e20	9.797622866886716e174
8.316104153230962e20	9.889305874892736e174
8.393129498166339e20	9.98181730550927e174
8.47086826655742e20	1.007516508377176e175
8.549327066268368e20	1.0169357205357573e175
8.628512566366922e20	1.026399253260498e175
8.708431497690724e20	1.035948106828644e175
8.789090653419927e20	1.0456252682628435e175
8.87049688965442e20	1.0553901339643933e175
8.952657125996382e20	1.0652435398670806e175
9.035578346138957e20	1.075186329347839e175
9.119267598459298e20	1.0852193533651919e175
9.203731996618192e20	1.0953434704813779e175
9.288978720164517e20	1.1055595469570188e175
9.37501501514527e20	1.1158684568023685e175
9.461848194722031e20	1.126271081887013e175
9.549485639791967e20	1.1367683119879561e175
9.637934799615756e20	1.1473610448514863e175
9.727203192450557e20	1.1580501863041535e175
9.817298406188821e20	1.1688366503060657e175
9.908228099003828e20	1.1797213590331621e175
1.0e21	1.1907052429548677e175
