E	Eg
1.0e17	2.5253424675668352e17
1.0092621909870443e17	2.5499667806193898e17
1.0186101701559773e17	2.5748827330946333e17
1.0280447320933077e17	2.6000959745610323e17
1.0375666787451891e17	2.6256123317505437e17
1.0471768194855203e17	2.6514378152959907e17
1.0568759711848008e17	2.677578626755223e17
1.066664958279541e17	2.7040411659356288e17
1.0765446128423138e17	2.7308320385343747e17
1.0865157746525418e17	2.75795806411038e17
1.09657929126781e17	2.785426284404282e17
1.10673601809597e17	2.813243972025387e17
1.116986818467825e17	2.8414186395203712e17
1.1273325637104848e17	2.869958048854085e17
1.1377741332214949e17	2.898870221306796e17
1.148312414543511e17	2.9281634478264896e17
1.158948303439807e17	2.9578462998505075e17
1.169682703970387e17	2.987927640624182e17
1.1805165285688032e17	3.018416637042874e17
1.1914506981197797e17	3.0493227720457504e17
1.2024861420374123e17	3.080655857590386e17
1.2136237983442368e17	3.112426048240714e17
1.2248646137509333e17	3.14464385540114e17
1.2362095437367666e17	3.1773201622325664e17
1.2476595526308736e17	3.210466239288636e17
1.2592156136941509e17	3.2440937609113286e17
1.2708787092020542e17	3.278214822429601e17
1.2826498305280626e17	3.312841958205366e17
1.2945299782279134e17	3.347988160575538e17
1.3065201621247253e17	3.3836668997412717e17
1.3186214013947485e17	3.419892144658031e17
1.3308347246540706e17	3.456678384985534e17
1.3431611700460181e17	3.494040654158104e17
1.355601785329366e17	3.531994553641104e17
1.3681576279674762e17	3.570556278443933e17
1.3808297652180923e17	3.6097426439627757e17
1.3936192742241378e17	3.649571114232941e17
1.4065272421052392e17	3.690059831675004e17
1.4195547660500987e17	3.731227648424058e17
1.4327029534098354e17	3.7730941593391917e17
1.4459729217920195e17	3.815679736793527e17
1.4593657991557517e17	3.859005567355975e17
1.4728827239075046e17	3.903093690479123e17
1.486524844997854e17	3.947967039319027e17
1.5002933220192227e17	3.993649483818781e17
1.514189325304352e17	4.040165876197683e17
1.5282140360258646e17	4.087542098997791e17
1.5423686462966304e17	4.1358051158494874e17
1.556654359271059e17	4.1849830251288704e17
1.5710723892474554e17	4.2351051166926746e17
1.5856239617711373e17	4.286201931859317e17
1.600310313738695e17	4.338305326960511e17
1.6151326935030928e17	4.391448540513293e17
1.630092360979738e17	4.44566626443088e17
1.6451905877536675e17	4.5009947193620934e17
1.6604286571875296e17	4.557471734616232e17
1.675807864530762e17	4.6151368327172064e17
1.6913295170296506e17	4.674031319331376e17
1.7069949340384045e17	4.734198378299045e17
1.7228054471313994e17	4.7956831729238176e17
1.7387624002162506e17	4.858532953278144e17
1.754867149648145e17	4.922797169903823e17
1.7711210643450906e17	4.988527594971378e17
1.7875255259042317e17	5.055778450704956e17
1.804081928719388e17	5.1246065461130406e17
1.8207916800994624e17	5.195071422408344e17
1.8376562003881648e17	5.2672355075675046e17
1.8546769230847014e17	5.3411642808164454e17
1.8718552949655754e17	5.416926447770179e17
1.889192776207672e17	5.494594126653693e17
1.9066908405122518e17	5.5742430469188026e17
1.9243509752303245e17	5.65595276063735e17
1.9421746814890285e17	5.7398068682414746e17
1.9601634743191818e17	5.825893258220143e17
1.9783188827841702e17	5.914304364232364e17
1.9966424501097933e17	6.005137436284692e17
2.0151357338155504e17	6.098494838026175e17
2.033800305846984e17	6.194484347279753e17
2.052637752709248e17	6.29321949834359e17
2.0716496756020752e17	6.394819930993354e17
2.09083769055575e17	6.4994117699924e17
2.1102034285685878e17	6.607128030180325e17
2.1297485357455232e17	6.718109046459699e17
2.149474673437976e17	6.83250293561615e17
2.169383518385191e17	6.950466089807283e17
2.1894767628566208e17	7.072163700070481e17
2.209756114795894e17	7.197770320979813e17
2.2302232979659408e17	7.327470470715002e17
2.2508800520954573e17	7.461459270955767e17
2.271728133026912e17	7.599943135299732e17
2.2927693128656486e17	7.74314050011574e17
2.3140053801306448e17	7.891282605258719e17
2.3354381399064816e17	8.044614331957236e17
2.357069413996723e17	8.20339509177744e17
2.3789010410789005e17	8.367899779126266e17
2.4009348768606518e17	8.538419786641394e17
2.4231727942375907e17	8.715264085841894e17
2.445616683452449e17	8.898760382439782e17
2.4682684522556874e17	9.089256344013833e17
2.4911300260677962e17	9.287120907920984e17
2.5142033481427965e17	9.492745672272809e17
2.5374903797335613e17	9.706546374896856e17
2.560993100258462e17	9.928964461926584e17
2.5847135074695584e17	1.016046875589133e18
2.6086536176225558e17	1.0401557216066057e18
2.63281546564802e17	1.0652758810627855e18
2.6572011053244957e17	1.0914635483705812e18
2.6818126094530182e17	1.1187784243426328e18
2.706652070033236e17	1.1472839352809772e18
2.7317215984413846e17	1.177047464016503e18
2.7570233256095827e17	1.2081405919043948e18
2.7825594022071146e17	1.2406393530379354e18
2.8083319988231754e17	1.2746245005153818e18
2.8343433061513034e17	1.3101817799454305e18
2.8605955351757507e17	1.3474022220787507e18
2.8870909173592346e17	1.3863824433373606e18
2.913831704832777e17	1.427224949927642e18
2.940820170587067e17	1.470038462949493e18
2.968058608665596e17	1.5149382468257935e18
2.995549334359822e17	1.5620464480475233e18
3.0232946844057766e17	1.6114924414411697e18
3.051297017182858e17	1.6634131832751657e18
3.07955871291423e17	1.717953570080464e18
3.108082173869057e17	1.775266800821673e18
3.1368698245668864e17	1.8355147424069668e18
3.1659241119835206e17	1.898868294423682e18
3.1952475057592006e17	1.96550775403584e18
3.2248424984084454e17	2.03562317504781e18
3.254711605531841e17	2.1094147220443604e18
3.284857366030054e17	2.1870930142372644e18
3.3152823423194234e17	2.2688794564675863e18
3.345989120549961e17	2.355006554744815e18
3.376980310825095e17	2.445718209644752e18
3.408258547423445e17	2.541269988652343e18
3.439826489022935e17	2.6419293625757215e18
3.4716868189265594e17	2.747975917640501e18
3.503842245290661e17	2.8597015181168614e18
3.5362955013550464e17	2.977410430987098e18
3.5690493456752224e17	3.101419398594964e18
3.602106562357081e17	3.232057660917434e18
3.635469961293318e17	3.3696668912768773e18
3.669142378402479e17	3.5146011306873395e18
3.703126675869931e17	3.6672265682271524e18
3.7374257423910566e17	3.827921316695965e18
3.772042493417009e17	3.997075076897224e18
3.806979871402284e17	4.1750887408386847e18
3.842240846055045e17	4.3623739092350884e18
3.877828414589461e17	4.559352332545459e18
3.9137456019803757e17	4.766455277154199e18
3.9499954612206554e17	4.984122812293849e18
3.986581073580439e17	5.212803039517385e18
4.023505548869277e17	5.452951238943935e18
4.060772025700369e17	5.705028969452588e18
4.098383671757253e17	5.969503119294634e18
4.1363436840632864e17	6.246844901873445e18
4.174655289253135e17	6.537528850813379e18
4.213321743847272e17	6.842031800829693e18
4.252346334528686e17	7.160831935614522e18
4.2917323784221485e17	7.494408027443156e18
4.3314832233764115e17	7.843239032319491e18
4.3716022482485024e17	8.207804515086397e18
4.412092863191172e17	8.588586591632863e18
4.45295850994266e17	8.986074657216214e18
4.494202662119133e17	9.400775012801757e18
4.5358288255102e17	9.833228537290174e18
4.5778405383766163e17	1.0284041343896785e19
4.620241371751294e17	1.0753935237199708e19
4.663034929742736e17	1.1243827779950694e19
4.7062248498412717e17	1.1754955416286988e19
4.7498148032285146e17	1.2289058779201229e19
4.793808495089107e17	1.2848658503744225e19
4.838209664925937e17	1.34374668567031e19
4.883022086877885e17	1.4061013193646987e19
4.928249570040503e17	1.4727628067544355e19
4.973895958790078e17	1.5450072930645836e19
5.0199651331100794e17	1.6248423947154514e19
5.066461008921248e17	1.7155609889690999e19
5.1133875384143315e17	1.8229183056031955e19
5.160748710385897e17	1.9579880312386662e19
5.208548550577676e17	2.145512185223668e19
5.256791122018419e17	2.4565927044275065e19
5.3054805253695526e17	3.229428178412797e19
5.354620899273613e17	9.91588032083658e19
5.404216420705904e17	1.7286366458627353e21
5.4542713053298477e17	3.3867045834341963e22
5.5047898078549677e17	6.54759490420166e23
5.555776222398855e17	1.2508904337121149e25
5.6072348828520384e17	2.356357863562878e26
5.659170163246231e17	4.36975898575038e27
5.711586478126447e17	7.973772157544598e28
5.764488282925873e17	1.4328227812831347e30
5.817880074344911e17	2.5367900437484047e31
5.871766390733262e17	4.43054217438822e32
5.92615181247554e17	7.638652789404746e33
5.981040962380956e17	1.3007364866252716e35
6.036438506075864e17	2.1871508742970025e36
6.092349152400686e17	3.6307484622402975e37
6.148777653810029e17	5.94533957064697e38
6.205728806776488e17	9.598787062221394e39
6.263207452198705e17	1.52768328240736e41
6.321218475812448e17	2.3968634665894436e42
6.379766808606257e17	3.707331555047388e43
6.438857427240426e17	5.655844326553965e44
6.498495354469875e17	8.511005546650689e45
6.558685659571448e17	1.2635521546944866e47
6.619433458774388e17	1.8507273741731287e48
6.680743915695588e17	2.675500780047991e49
6.742622241778349e17	3.817297352045248e50
6.805073696735192e17	5.3755316034643115e51
6.868103588995322e17	7.471654368981665e52
6.9317172761554e17	1.025060773789095e54
6.995920165435346e17	1.388106753449194e55
7.06071771413778e17	1.8554012210264651e56
7.126115430111731e17	2.4479153708155315e57
7.192118872221207e17	3.1878839271591487e58
7.258733650817245e17	4.097915089907069e59
7.3259654282152e17	5.199814338833104e60
7.393819919175873e17	6.513141756862155e61
7.462302891391092e17	8.053556773980887e62
7.531420165974391e17	9.837515453693481e63
7.601177617955323e17	1.1848073396783984e65
7.67158117677927e17	1.4098022482943779e66
7.742636826811278e17	1.656367001246667e67
7.814350607844526e17	1.9216255951247538e68
7.886728615614172e17	2.201496034239651e69
7.959777002314977e17	2.4907028117833957e70
8.033501977124701e17	2.7832536023386114e71
8.107909806731694e17	3.071083967373258e72
8.183006815867373e17	3.3464533986564455e73
8.258799387844289e17	3.600876631452671e74
8.335293965098188e17	3.826356026870258e75
8.412497049736084e17	4.013814863161453e76
8.490415204088755e17	4.156484403817204e77
8.56905505126833e17	4.248618929173437e78
8.648423275731744e17	4.286556139242483e79
8.728526623848371e17	4.269292378036178e80
8.809371904473955e17	4.199169524963374e81
8.890965989529167e17	4.080650175209846e82
8.973315814583501e17	3.9197777757374895e83
9.056428379445312e17	3.723593225523274e84
9.140310748756223e17	3.4984885095825686e85
9.224970052592137e17	3.2487904652186367e86
9.310413487069085e17	2.980294438793341e87
9.396648314954671e17	2.6994130405731978e88
9.483681866285947e17	2.4120320160216294e89
9.571521538991855e17	2.1261156195563693e90
9.660174799522606e17	1.8502286208347042e91
9.749649183484096e17	1.591464937686181e92
9.839952296278207e17	1.355135714128397e93
9.931091813749821e17	1.1426967367887725e94
1.0023075482838643e18	9.528689691747711e94
1.0115911122238339e18	7.847400463578164e95
1.0209606623060476e18	6.372787855591853e96
1.0304169949505853e18	5.102731575689149e97
1.0399609139541225e18	4.0362055720637335e98
1.0495932305582266e18	3.1615097923797384e99
1.0593147635183744e18	2.4551697122458376e100
1.0691263391734771e18	1.8865056920700028e101
1.0790287915161814e18	1.4303608361008042e102
1.0890229622637327e18	1.0686244770178952e103
1.0991097009294962e18	7.878773015423932e103
1.1092898648952273e18	5.753535529372343e104
1.1195643194838794e18	4.169807745207085e105
1.1299339380332193e18	2.990479591077012e106
1.1403996019700355e18	2.1144429136740626e107
1.1509622008850312e18	1.472848270312476e108
1.1616226326085066e18	1.0143726597034828e109
1.1723818032865997e18	6.939222450635483e109
1.1832406274583757e18	4.7046127866662144e110
1.194200028133535e18	3.145302246540374e111
1.2052609368708413e18	2.070680224438659e112
1.216424293857373e18	1.3487305236260078e113
1.2276910479883604e18	8.734240295282213e113
1.2390621569479132e18	5.600705397569616e114
1.2505385872903939e18	3.5360311897629113e115
1.2621213145225462e18	2.201131267995434e116
1.2738113231864837e18	1.3610405310798403e117
1.2856096069432965e18	8.358537110460416e117
1.297517168657584e18	5.0610113302196414e118
1.3095350204826703e18	3.016764391807402e119
1.3216641839466038e18	1.784631892406819e120
1.333905690039064e18	1.0499343719954796e121
1.346260579298911e18	6.092201376136825e121
1.3587299019027064e18	3.4792606209410236e122
1.3713147177539484e18	1.9738760839579628e123
1.3840160965731302e18	1.1134691543408804e124
1.3968351179887455e18	6.186226583340338e124
1.4097728716289677e18	3.387623747718219e125
1.422830457214349e18	1.8476617640164195e126
1.4360089846512635e18	9.992858457894674e126
1.4493095741262152e18	5.312781445827366e127
1.4627333562011359e18	2.7978671423086755e128
1.476281471909391e18	1.4685727835936354e129
1.4899550728528507e18	7.598561290166409e129
1.5037553212997414e18	3.87364515147704e130
1.5176833902834038e18	1.969882996416543e131
1.5317404637020861e18	9.91577510190084e131
1.5459277364194785e18	4.906697326757177e132
1.5602464143663647e18	2.417052141226732e133
1.57469771464309e18	1.1829261022923487e134
1.5892828656229763e18	5.6880976811275445e134
1.6040031070568264e18	2.7177797785762187e135
1.6188596901781993e18	1.2926181067876916e136
1.633853877809857e18	6.041020045771184e136
1.6489869444710682e18	2.803730420608789e137
1.6642601764859018e18	1.2960328827999574e138
1.67967487209266e18	5.886142273107404e138
1.6952323415541215e18	2.6574805195702465e139
1.71093390726901e18	1.1940386797073237e140
1.7267809038843594e18	5.270075095211778e140
1.7427746784089172e18	2.318246002177378e141
1.75891659032774e18	1.0120058614150623e142
1.775208011717636e18	4.343915122881419e142
1.7916503273638958e18	1.8635868041600057e143
1.8082449348779553e18	7.89978130348821e143
1.8249932448161505e18	3.3044350678711225e144
1.8418966807997184e18	1.3821180663663593e145
1.8589566796356882e18	5.685546349656477e145
1.8761746914391158e18	2.3249739752611772e146
1.893552179756299e18	9.45963236636327e146
1.9110906216891359e18	3.784551009657843e147
1.9287915080207857e18	1.5144821168024451e148
1.9466563433422633e18	5.978592640642273e148
1.9646866461804406e18	2.338544402250964e149
1.9828839491270753e18	9.126317535912503e149
2.001249798969035e18	3.5005309950526626e150
2.0197857568198866e18	1.3432846986915675e151
2.038493398252464e18	5.0848571082609815e151
2.0573743134329073e18	1.9103706133519312e152
2.076430107255779e18	7.15007288034407e152
2.0956623994804308e18	2.633321638184801e153
2.1150728248688033e18	9.713381368862471e153
2.1346630333242455e18	3.524351799684963e154
2.154434690031878e18	1.2764350774803876e155
2.1743894756000845e18	4.577122175971233e155
2.1945290862033114e18	1.6254854863413959e156
2.2148552337263683e18	5.7598919877890284e156
2.2353696459097966e18	2.009068812217659e157
2.2560740664968545e18	7.020645583158525e157
2.2769702553816847e18	2.4126854390161827e158
2.2980599887588488e18	8.297192484005162e158
2.319345059274437e18	2.8146083056248747e159
2.3408272761782943e18	9.516320209929274e159
2.36250846547794e18	3.1897583882761156e160
2.384390470093725e18	1.0602540038286201e161
2.406475150015422e18	3.5112040373822333e161
2.4287643824604605e18	1.1483528673571391e162
2.45126006203334e18	3.755301063200165e162
2.4739641008868065e18	1.2096065572777867e163
2.496878428884332e18	3.9043441161722406e163
2.5200049937640893e18	1.2399242366885145e164
2.5433457613046584e18	3.9478507504862444e164
2.566902715491952e18	1.2371331578319887e165
2.590677858688001e18	3.885679821206194e165
2.614673211801097e18	1.2018583979144727e166
2.638890814457508e18	3.724256616654613e166
2.663332725174992e18	1.137269077803971e167
2.6880010215376077e18	3.4777668777064474e167
2.712897800372459e18	1.0486197079748742e168
2.7380251779278633e18	3.165603621046621e168
2.763385290053167e18	9.425434161800787e168
2.788980292380451e18	2.8099758158415046e169
2.8148123605075814e18	8.262404575356451e169
2.8408836901832955e18	2.433451648749076e170
2.867196497493776e18	7.066998855694585e170
2.8937530190509476e18	2.0567909684845985e171
2.920555512182757e18	5.900620025369631e171
2.9476062551248584e18	1.697587184258653e172
2.974907547214431e18	4.811864930227582e172
3.002461709085555e18	1.3682648979795066e173
3.030271082866393e18	3.8349687217458805e173
3.0583380323784443e18	1.0774744743202998e174
3.0866649433372744e18	2.987819895804556e174
3.1152542235554785e18	8.2925001678392e174
3.144108303147271e18	2.2768708549726735e175
3.173229634734973e18	6.239845738200758e175
3.2026206936576635e18	1.6977284071715345e176
3.2322839781813806e18	4.5929926675225034e176
3.26222200971166e18	1.2389203232234933e177
3.292437333007776e18	3.309873711738125e177
3.3229325163989683e18	8.849277410156436e177
3.3537101520029425e18	2.3364697041392607e178
3.384772855945983e18	6.187962419297055e178
3.416123268585518e18	1.6172255556848418e179
3.447764054734471e18	4.235288912956336e179
3.479697903887688e18	1.0977498126582241e180
3.5119275304507423e18	2.8391420781997754e180
3.5444556739704356e18	7.307793776407194e180
3.5772850993678623e18	1.8662813018315917e181
3.610418597173345e18	4.7699847344885435e181
3.6438589837635405e18	1.204449289064745e182
3.6776091016010455e18	3.0507316252566913e182
3.711671819475767e18	7.637692657273312e182
3.746050032748982e18	1.912334805675228e183
3.780746663599357e18	4.7585960153838935e183
3.815764661271245e18	1.1765550537927615e184
3.8511070023255844e18	2.9107437398194607e184
3.886776690892668e18	7.118084430104493e184
3.9227767589277076e18	1.7459569844581244e185
3.9591102664684667e18	4.238563985917766e185
3.9957803018952653e18	1.0275638361941602e186
4.032789982193722e18	2.4824286526170843e186
4.070142453219439e18	5.945520774243978e186
4.107840889965634e18	1.4278987441273615e187
4.1458884968329196e18	3.390615939145531e187
4.184288507901576e18	8.05851985988289e187
4.2230441872066893e18	1.904832483854159e188
4.262158829015325e18	4.4723953405734096e188
4.3016357581067817e18	1.0522144587788417e189
4.3414783300551014e18	2.4483120422736414e189
4.3816899315141857e18	5.705517618394727e189
4.422273980505915e18	1.3220047528172342e190
4.4632339267103974e18	3.0439986270059597e190
4.5045732517594445e18	7.023995422871863e190
4.546295469532409e18	1.60367125552114e191
4.588404126454752e18	3.665494753767296e191
4.630902801799756e18	8.339790983144273e191
4.673795107992463e18	1.8841672107424394e192
4.717084690917003e18	4.267956940513016e192
4.760775230226378e18	9.575394960250273e192
4.804870439655124e18	2.1466690718569762e193
4.849374067335253e18	4.8047821849730065e193
4.894289896114531e18	1.0657802109774498e194
4.939621743878306e18	2.370801451349453e194
4.985373463873904e18	5.2364966125730346e194
5.031548945038046e18	1.1517267471631349e195
5.078152112327691e18	2.5375961525231013e195
5.125186927053332e18	5.537692153235251e195
5.172657387216003e18	1.2092198310614733e196
5.220567527846986e18	2.6340041375684286e196
5.268921421350666e18	5.691206532069609e196
5.317723177850989e18	1.2331665351126846e197
5.366976945540476e18	2.6547749017367766e197
5.416686911033135e18	5.6902928480912525e197
5.466857299720192e18	1.222200208995257e198
5.517492376129117e18	2.602604894257126e198
5.568596444286431e18	5.537673843442249e198
5.620173848083188e18	1.1780248950151466e199
5.672228971644526e18	2.4844071888148224e199
5.72476623970219e18	5.24885737037974e199
5.777790117970495e18	1.1053838930306133e200
5.831305113526242e18	2.311465853002197e200
5.885315775191451e18	4.8474838324960534e200
5.939826693920338e18	1.0107730565466265e201
5.994842503189421e18	2.0976372124322636e201
6.050367879391212e18	4.364445800264492e201
6.106407542232061e18	9.016533455516693e201
6.162966255132942e18	1.857946290844354e202
6.220048825634692e18	3.834813215839877e202
6.277660105806513e18	7.853745879224547e202
6.335804992658242e18	1.6069988504951417e203
6.394488428556963e18	3.290561083445836e203
6.453715401646702e18	6.684606730583116e203
6.513490946272782e18	1.3584963975260394e204
6.573820143409598e18	2.7596921612270034e204
6.634708121092337e18	5.563517069706564e204
6.696160054853243e18	1.1230397670234809e205
6.75818116816111e18	2.2638869058691395e205
6.820776732865664e18	4.530983919769535e205
6.883952069645511e18	9.084858696627573e205
6.947712548460226e18	1.817910146302602e206
7.012063589007205e18	3.613181244854521e206
7.07701066118189e18	7.19647571695987e206
7.142559285543105e18	1.4299366549282598e207
7.20871503378215e18	2.823056476597731e207
7.275483529196217e18	5.58582613968166e207
7.342870447166788e18	1.1024934789243577e208
7.41088151564157e18	2.1625004392663663e208
7.479522515621798e18	4.251091196031098e208
7.548799281653447e18	8.337294693363132e208
7.618717702322984e18	1.625062681143298e209
7.689283720758337e18	3.174169236970797e209
7.760503335133571e18	6.187672240019997e209
7.832382599179172e18	1.1987473288083463e210
7.904927622696437e18	2.32669659150087e210
7.978144572076613e18	4.5095605949311236e210
8.052039670825503e18	8.685406236909667e210
8.126619200091946e18	1.6752767370394643e211
8.201889499202178e18	3.229137290730226e211
8.277856966198489e18	6.184611131896742e211
8.354528058382854e18	1.1857023039191801e212
8.431909292866286e18	2.273075728178861e212
8.510007247122247e18	4.330526352582896e212
8.588828559546224e18	8.251961548030071e212
8.668379930019792e18	1.5737524745946266e213
8.748668120479897e18	2.983389963033719e213
8.829699955494119e18	5.651083598239282e213
8.911482322840202e18	1.0723034041238437e214
8.994022174092017e18	2.0235064997101309e214
9.077326525210242e18	3.810216514184638e214
9.161402457138503e18	7.192341484067731e214
9.246257116405772e18	1.3514738335309565e215
9.331897715733238e18	2.530797759267177e215
9.418331534647923e18	4.751771325302054e215
9.50556592010121e18	8.893342667695413e215
9.593608287093127e18	1.6568803152631706e216
9.682466119303154e18	3.093843485410417e216
9.772146969725725e18	5.768304460460458e216
9.86265846131279e18	1.0697142762769861e217
9.95400828762154e18	1.986523993646142e217
1.004620421346811e19	3.6890884814466954e217
1.0139254075588184e19	6.814541259444355e217
1.023316578330245e19	1.2583305363653154e218
1.0327947319189484e19	2.3275272116650994e218
1.0423606739764034e19	4.283956992489396e218
1.0520152176161569e19	7.868768161098538e218
1.0617591834830033e19	1.448973471572807e219
1.071593399822671e19	2.6587384918447957e219
1.0815187025522848e19	4.86033804481136e219
1.0915359353313933e19	8.906004837824547e219
1.1016459496336546e19	1.6294354113607954e220
1.1118496048192743e19	2.9666583653426767e220
1.1221477682079803e19	5.408541484055919e220
1.132541315152808e19	9.863656089265266e220
1.143031129114481e19	1.7902373167281063e221
1.153618101736476e19	3.2466255351014136e221
1.1643031329208803e19	5.900273917970164e221
1.1750871309048076e19	1.0679830018547997e222
1.1859710123376658e19	1.927776486588074e222
1.1969557023590453e19	3.488450401844891e222
1.2080421346773264e19	6.299937834137215e222
1.2192312516491145e19	1.1328076219343223e223
1.2305240043592616e19	2.0403183158103029e223
1.2419213527017796e19	3.6756186562885317e223
1.253424265461402e19	6.590321516383749e223
1.2650337203959011e19	1.1810846780981781e224
1.2767507043192697e19	2.1210891973178276e224
1.288576213185518e19	3.7951072020531925e224
1.3005112521734046e19	6.7720535594893005e224
1.3125568357718454e19	1.2114844248062612e225
1.3247139878661149e19	2.1635045072364677e225
1.3369837418249507e19	3.848220228783116e225
1.3493671405883064e19	6.852062288624074e225
1.3618652367560772e19	1.221172860046669e226
1.3744790926775394e19	2.1669632595335324e226
1.3872097805416182e19	3.841159430305484e226
1.4000583824681017e19	6.824873480931849e226
1.4130259905995336e19	1.2092339618052806e227
1.4261137071941239e19	2.1355763454553244e227
1.4393226447194094e19	3.779773755152529e227
1.4526539259467782e19	6.68704202176773e227
1.466108684046989e19	1.1780354503495308e228
1.4796880626863964e19	2.0756543141644195e228
1.4933932161242472e19	3.6639973251366774e228
1.5072253093107587e19	6.445286644435368e228
1.5211855179861017e19	1.1312437716349144e229
1.5352750287804275e19	1.9904580548291915e229
1.5494950393146317e19	3.4972117878826963e229
1.5638467583022414e19	6.122292114334961e229
1.5783314056521198e19	1.072711818329137e230
1.5929502125721197e19	1.8819398064474177e230
1.6077044216738286e19	3.2893045313964714e230
1.622595287078087e19	5.740946725888524e230
1.6376240745216823e19	1.0045182189877417e231
1.6527920614648973e19	1.754082550817966e231
1.6681005372000557e19	3.053230861993646e231
1.6835508029612075e19	5.3217769498880184e231
1.699144172034626e19	9.28331432328427e231
1.7148819698705338e19	1.6133065540731513e232
1.7307655341957276e19	2.8013319044883657e232
1.7467962151272421e19	4.876095828833978e232
1.7629753752872112e19	8.46758862357483e232
1.7793043899185773e19	1.4663346994999174e233
1.7957846470020895e19	2.543359322993237e233
1.8124175473742395e19	4.413640268200591e233
1.8292045048462901e19	7.631189225473159e233
1.8461469463245533e19	1.3188131023030765e234
1.86324631193156e19	2.2845225425369216e234
1.8805040551285756e19	3.947596188048557e234
1.8979216428391035e19	6.804253951796607e234
1.915500555573524e19	1.1748511898273007e235
1.933242287555051e19	2.029234743169093e235
1.9511483468466164e19	3.4925484073132684e235
1.9692202554791653e19	6.009490023538432e235
1.987459549580986e19	1.036403025111354e236
2.0058677795082297e19	1.7829808738696066e236
2.02444650997681e19	3.060242045382923e236
2.0431973201952707e19	5.261803934690955e236
2.062121803999136e19	9.049988455224266e236
2.0812215699863413e19	1.5512399892170322e237
2.100498241653911e19	2.6584526312163953e237
2.1199534575360774e19	4.566310750110337e237
2.1395888713434214e19	7.824718438477112e237
2.1594061521035588e19	1.3378470176206354e238
2.179406984302958e19	2.2914110869277684e238
2.1995930680300704e19	3.926099657828426e238
2.2199661191199617e19	6.704892215523731e238
2.240527869300018e19	1.1448100265744082e239
2.26128006633727e19	1.9591292601109202e239
2.2822244741869007e19	3.345212997182054e239
2.3033628731421266e19	5.699457899186347e239
2.324697059985655e19	9.726793260097924e239
2.3462288481422623e19	1.6608084074021113e240
2.367960067833069e19	2.8267836327507922e240
2.3898925662310527e19	4.809901857878808e240
2.412028207618002e19	8.202966624456897e240
2.434368873543118e19	1.396253128180248e241
2.45691646298279e19	2.3708245500068952e241
2.47967289250215e19	4.032328000290772e241
2.502640096417922e19	6.862587691073253e241
2.5258200269627793e19	1.1643637897510114e242
2.549214654451431e19	1.9746486769854205e242
2.572825967447932e19	3.35641119900718e242
2.5966559729348616e19	5.695109680026681e242
2.620706696483855e19	9.639123855880197e242
2.6449801824277144e19	1.6338494437284844e243
2.669478494034329e19	2.771530425049225e243
2.6942037136818823e19	4.687391362660356e243
2.7191579430360076e19	7.923045875285342e243
2.744343303228368e19	1.3418222951743154e244
2.7697619350368854e19	2.2691947763475024e244
2.795415999067865e19	3.827305405944262e244
2.821307675939471e19	6.462867338634545e244
2.8474391664672362e19	1.0923932003741372e245
2.8738126918510694e19	1.8405802961403026e245
2.9004304938639856e19	3.09862771435323e245
2.927294835042825e19	5.225670921811124e245
2.9544079988803797e19	8.801464269199183e245
2.981772290019661e19	1.478088376751579e246
3.0093900344497242e19	2.4839779639710227e246
3.0372635797033054e19	4.178535556976081e246
3.065395295056536e19	7.006659469142854e246
3.0937875717301367e19	1.1732341327190046e247
3.122442823092845e19	1.9671847670488063e247
3.1513634848664826e19	3.294581267445454e247
3.180552015332913e19	5.499287211440505e247
3.2100108955431813e19	9.178309034694739e247
3.2397426295281955e19	1.5332008943776216e248
3.2697497445117546e19	2.5531151873035277e248
3.3000347911252886e19	4.2406216300467874e248
3.330600343624582e19	7.048425598061106e248
3.3614490001087754e19	1.1704480047202103e249
3.392583382740992e19	1.9356216872925168e249
3.4240061379714118e19	3.1970813406614325e249
3.455719936762143e19	5.281848878610836e249
3.4877274748141703e19	8.700307350456434e249
3.5200314727966896e19	1.427560045404143e250
3.5526346765781393e19	2.3405621311278273e250
3.5855398574598025e19	3.834348719452008e250
3.6187498124112843e19	6.253431761678047e250
3.652267364308168e19	1.01628480793519e251
3.686095362172169e19	1.6502702988796435e251
3.720236681413066e19	2.673283680282441e251
3.754694224073322e19	4.3070733218398327e251
3.789470919074672e19	6.917638730695189e251
3.824569722466991e19	1.109276014739468e252
3.8599936176797794e19	1.7719833943811695e252
3.895745615775501e19	2.813704929041151e252
3.9318287557057544e19	4.452567488161851e252
3.968246104569486e19	7.02828327811369e252
4.0050007578736026e19	1.104030300905599e253
4.042095839796318e19	1.7228508668049037e253
4.079534503452449e19	2.6773327459874516e253
4.117319931161662e19	4.146384586019317e253
4.155455334718879e19	6.386631847281065e253
4.1939439556671775e19	9.7667722458773e253
4.232789065573562e19	1.4853459325787085e254
4.271993966306777e19	2.2494680903280748e254
4.311561990318211e19	3.3877819832880057e254
4.351496500925054e19	5.062911185745311e254
4.391800892596077e19	7.51388117782548e254
4.43247859124041e19	1.1093240740658448e255
4.473533054498463e19	1.628575573674303e255
4.514967772036084e19	2.3735312902927246e255
4.5567862658410684e19	3.4309091386216977e255
4.598992090522429e19	4.924737131689974e255
4.641588833612792e19	7.027982467085328e255
4.684580115873045e19	9.964164470643458e255
4.727969591600371e19	1.4017762516557455e256
4.77176094893875e19	1.9554453442631125e256
4.815957910192341e19	2.7073946286732034e256
4.860564232142148e19	3.7244350345454916e256
4.905583706365045e19	5.089574860433479e256
4.951020159556331e19	6.90432127243358e256
4.996877453854889e19	9.289626981105098e256
5.043159487171348e19	1.2397829951174044e257
5.0898701935196955e19	1.6426244546272433e257
5.137013543351339e19	2.1622393930950505e257
5.184593543892892e19	2.8272900148035367e257
5.232614239486667e19	3.671420010541322e257
5.28107971193432e19	4.7317255036381043e257
5.3299940808441045e19	6.05145131730231e257
5.379361503980698e19	7.684589057518303e257
5.42918617761892e19	9.692969559242884e257
5.479472336900293e19	1.215195096090999e258
5.530224256192889e19	1.5142671497102907e258
5.581446249454978e19	1.8750900800307082e258
5.633142670601352e19	2.3073096814304374e258
5.68531791387373e19	2.820706929774304e258
5.73797641421414e19	3.4259789532341518e258
5.791122647641747e19	4.1362850375611575e258
5.844761131633649e19	4.964769863599171e258
5.898896425508494e19	5.92782918340421e258
5.953533130814346e19	7.041413721873588e258
6.008675891719693e19	8.322467126057385e258
6.064329395408049e19	9.786790953148675e258
6.120498372476715e19	1.145321812494843e259
6.177187597338488e19	1.3337080979193827e259
6.234401888627838e19	1.54549036392338e259
6.29214610961035e19	1.7823736324594027e259
6.350425168595949e19	2.045933383002403e259
6.40924401935647e19	2.3384639957512786e259
6.468607661546321e19	2.6617218223631655e259
6.528521141127821e19	3.017413410816364e259
6.588989550799956e19	3.40816131452693e259
6.650018030431105e19	3.8356525836857876e259
6.7116117674963e19	4.301774567245011e259
6.7737759975177445e19	4.808273401203389e259
6.8365160045102105e19	5.356722773459233e259
6.899837121430025e19	5.947843418993651e259
6.963744730628208e19	6.584175213382647e259
7.028244264308367e19	7.266140386161904e259
7.093341204987989e19	7.994697849450428e259
7.159041085964859e19	8.770725107689719e259
7.225349491787221e19	9.595044528386921e259
7.292272058728298e19	1.0468440995206717e260
7.359814475265786e19	1.1391670583321182e260
7.42798248256491e19	1.2364204379652383e260
7.496781874966846e19	1.3389222286562008e260
7.566218500481063e19	1.4466149538032793e260
7.636298261282226e19	1.5595584818547136e260
7.70702711421232e19	1.6778059851358583e260
7.778411071286482e19	1.8012221079718217e260
7.850456200204476e19	1.9302001286007017e260
7.923168624866261e19	2.0645886985066463e260
7.99655452589233e19	2.2044020233156125e260
8.070620141149523e19	2.3496424293213266e260
8.145371766280738e19	2.500300120757766e260
8.220815755240507e19	2.656353309150696e260
8.296958520834915e19	2.8177687136496536e260
8.373806535266473e19	2.984502390510333e260
8.451366330684739e19	3.156500828983146e260
8.529644499741016e19	3.3333139461358694e260
8.608647696149209e19	3.515643626789466e260
8.688382635251193e19	3.703033517932918e260
8.76885609458741e19	3.8954053601608696e260
8.850074914473456e19	4.09267808022809e260
8.932045998580959e19	4.294768945488163e260
9.01477631452488e19	4.5015945686314466e260
9.098272894455567e19	4.713071752121943e260
9.182542835656263e19	4.929118181012741e260
9.267593301146903e19	5.149652962028922e260
9.353431520292377e19	5.37459703705704e260
9.440064789417565e19	5.603873477742773e260
9.5275004724273e19	5.837407684934326e260
9.615746001432076e19	6.075127506726919e260
9.704808877380326e19	6.316963295143506e260
9.794696670695386e19	6.562847909672508e260
9.885417021919533e19	6.812716689444687e260
9.976977642363211e19	7.065775827438215e260
1.0069386314760251e20	7.323420943382714e260
1.0162650893929973e20	7.58487055109165e260
1.0256779307444208e20	7.850069169050123e260
1.0351779556301804e20	8.11896337972832e260
1.0447659715608052e20	8.391501731027364e260
1.0544427935261663e20	8.667634639959997e260
1.0642092440647269e20	8.947314299780146e260
1.0740661533334323e20	9.230494591412716e260
1.0840143591783354e20	9.517130999399781e260
1.0940547072057436e20	9.807180533209453e260
1.104188050854158e20	1.0099557843485318e261
1.1144152514667903e20	1.0396301629406503e261
1.1247371783647507e20	1.0696338138130288e261
1.1351547089210037e20	1.0999629819576617e261
1.1456687286348726e20	1.1306140350532478e261
1.156280131207373e20	1.1615834594505008e261
1.1669898186171498e20	1.1928678566670889e261
1.177798701197118e20	1.2244639406076976e261
1.1887076977119081e20	1.2563685352732977e261
1.1997177354358854e20	1.2885785730657726e261
1.210829750232037e20	1.3210910935258303e261
1.2220446866314912e20	1.3539032425581745e261
1.2333634979137747e20	1.3870122721732162e261
1.2447871461879112e20	1.420415540419707e261
1.2563166024741215e20	1.4541105117470457e261
1.2679528467864314e20	1.4880947575778133e261
1.2796968682159442e20	1.5223659570774096e261
1.2915496650148826e20	1.5569218981703935e261
1.3035122446815142e20	1.5917604785203615e261
1.3155856240457051e20	1.6268797067138362e261
1.3277708293554263e20	1.6622777034216573e261
1.3400688963639534e20	1.697952702366329e261
1.352480870417874e20	1.733903051771726e261
1.3650078065460193e20	1.7701272149089454e261
1.377650769549055e20	1.8066237713542753e261
1.3904108340900669e20	1.8433914176553646e261
1.403289084785876e20	1.8803170441481512e261
1.4162866162991974e20	1.917509521670512e261
1.4294045334317669e20	1.9550825242914146e261
1.4426439512181588e20	1.992922594277324e261
1.4560059950206455e20	2.031029019676204e261
1.4694918006248202e20	2.0694012070895593e261
1.4831025143361028e20	2.1080386814203307e261
1.4968392930772615e20	2.14694108545554e261
1.5107033044866558e20	2.1861081789565734e261
1.5246957270175698e20	2.225539838314111e261
1.5388177500383494e20	2.2652360555746306e261
1.5530705739334586e20	2.3051969371684745e261
1.5674554102056013e20	2.3454227029890555e261
1.5819734815786015e20	2.385913685111326e261
1.596626022101422e20	2.4266703264255903e261
1.6114142772530233e20	2.467693179257685e261
1.6263395040481906e20	2.5089829038684925e261
1.641402971144473e20	2.550540266828479e261
1.6566059589499152e20	2.5923661395088176e261
1.671949759731985e20	2.6344614963506174e261
1.6874356777273793e20	2.6768274131457385e261
1.7030650292528428e20	2.7194650654742746e261
1.7188391428171527e20	2.762375726737221e261
1.7347593592339327e20	2.805560766564004e261
1.7508270317357197e20	2.8490216488317784e261
1.7670435260889504e20	2.8927599302675085e261
1.7834102207100063e20	2.9367772584023795e261
1.7999285067824837e20	2.9810753699781925e261
1.8165997883753287e20	3.025656089133458e261
1.833425482562285e20	3.0705213257609826e261
1.8504070195423058e20	3.115673073895647e261
1.867545842761074e20	3.1611134097517502e261
1.8848434090338032e20	3.206844490747505e261
1.902301188668946e20	3.2528685532899034e261
1.919920665593279e20	3.2991879116027683e261
1.937703337477993e20	3.345804956138553e261
1.9556507158659472e20	3.392722152071727e261
1.9737643263002634e20	3.439942038039411e261
1.9920457084538713e20	3.487467224587865e261
2.0104964162604928e20	3.5353003931705782e261
2.0291180180466824e20	3.5834442944347176e261
2.0479120966650832e20	3.6319017473834193e261
2.0668802496290904e20	3.680675638038019e261
2.086024089248505e20	3.7297689183260457e261
2.1053452427666997e20	3.7791846050225696e261
2.1248453524988874e20	3.8289257787195545e261
2.1445260759716653e20	3.878995582778435e261
2.1643890860640292e20	3.929397222641244e261
2.1844360711494284e20	3.980133964446015e261
2.204668735239403e20	4.031209134824332e261
2.2250887981283738e20	4.0822004769697984e261
2.2456979955397716e20	4.133961163280774e261
2.2664980792737022e20	4.186070615839445e261
2.2874908173557042e20	4.238532394049709e261
2.3086779941871626e20	4.29135011397485e261
2.3300614106969296e20	4.344527447580547e261
2.351642884494346e20	4.398068122345621e261
2.373424250023876e20	4.4519759206873185e261
2.3954073587208795e20	4.5062546794695775e261
2.4175940791691235e20	4.560908289685502e261
2.4399862972595552e20	4.615940695902504e261
2.4625859163505443e20	4.671355896012062e261
2.4853948574298086e20	4.727157940846798e261
2.5084150592775412e20	4.78335093385195e261
2.5316484786313478e20	4.83993903085957e261
2.5550970903525124e20	4.896926439964651e261
2.5787628875937982e20	4.954317421012874e261
2.6026478819690152e20	5.012116285755298e261
2.6267541037238383e20	5.070327397450832e261
2.651083601908531e20	5.12895517102864e261
2.6756384445520508e20	5.188004072617621e261
2.7004207188377698e20	5.2474786196974345e261
2.725432531281039e20	5.3073833810083655e261
2.7506760079080676e20	5.367722976558863e261
2.7761532944367924e20	5.428502077551376e261
2.801866556459201e20	5.489725406465052e261
2.8278179796253383e20	5.5513977370593325e261
2.8540097698292492e20	5.6135238943967845e261
2.8804441533962977e20	5.676108754968246e261
2.9071233772725695e20	5.7391572467697575e261
2.934049709215793e20	5.802068600266624e261
2.961225437988032e20	5.866057416011869e261
2.988652873550395e20	5.930524959679756e261
3.0163343472591975e20	5.995476366697456e261
3.0442722120642934e20	6.060916824147915e261
3.07246884270901e20	6.126851572045074e261
3.100926635931923e20	6.1932859028109704e261
3.1296480106707635e20	6.260225161734162e261
3.158635408267819e20	6.327674747169767e261
3.187891292677636e20	6.395640110782435e261
3.2174181506763784e20	6.464126757801239e261
3.2472184920731255e20	6.5331402472922005e261
3.277294849923396e20	6.602686192437684e261
3.3076497807442425e20	6.672770260748962e261
3.3382858647317506e20	6.7433981745814286e261
3.369205705980274e20	6.8145757111209745e261
3.4004119327037024e20	6.8863087028646665e261
3.4319071974590566e20	6.95860303833976e261
3.463694177371734e20	7.031464661465315e261
3.495775574363265e20	7.104899573103422e261
3.52815411538089e20	7.178913830295166e261
3.5608325526292745e20	7.253513547526276e261
3.5938136638046405e20	7.328704896510065e261
3.6271002523306485e20	7.404494106830003e261
3.6606951475968914e20	7.4808874663096366e261
3.69460120519931e20	7.5578913212185345e261
3.72882130718283e20	7.635512077000837e261
3.763358362286548e20	7.713756198438296e261
3.798215306190736e20	7.792630210204709e261
3.8333951017665895e20	7.872140697172086e261
3.8689007393279836e20	7.952294304931002e261
3.904735236885556e20	8.033097740207844e261
3.940901640403464e20	8.114557771313213e261
3.9774030240580364e20	8.196681228595943e261
4.01424249049931e20	8.279475004915643e261
4.0514231711146554e20	8.362946056090597e261
4.088948226294856e20	8.447101401349888e261
4.126820845702969e20	8.531948123988418e261
4.165044248545185e20	8.617493371422995e261
4.2036216838447006e20	8.703744356261109e261
4.242556430717786e20	8.790708356433646e261
4.281851798652407e20	8.87839271577069e261
4.32151112778978e20	8.966804844556655e261
4.361537789208006e20	9.055952219922706e261
4.401935185208861e20	9.145842386758068e261
4.442706749606892e20	9.236482957708291e261
4.483855948021181e20	9.327881614017287e261
4.5253862781701856e20	9.42004610620967e261
4.567301270168747e20	9.512984254362156e261
4.60960448682842e20	9.606703948559405e261
4.652299523960199e20	9.701213150160952e261
4.695390010680053e20	9.79651989137693e261
4.7388796097176705e20	9.892632276913333e261
4.7827720177274854e20	9.98955848349364e261
4.8270709656031684e20	1.0087306761217333e262
4.8717802187946407e20	1.0185885434143286e262
4.916903577628021e20	1.0285302900243426e262
4.962444877628934e20	1.0385567632752584e262
5.008407989848212e20	1.048668818042648e262
5.054796821191225e20	1.0588673168247596e262
5.1016153147498444e20	1.0691531298064204e262
5.148867450137487e20	1.07952713492036e262
5.196557243827679e20	1.0899252069042684e262
5.244688749495119e20	1.100412468309322e262
5.293266058360545e20	1.1110560304635057e262
5.342293299538363e20	1.1217913750126161e262
5.3917746403874944e20	1.132619419621888e262
5.44171428686591e20	1.1435410901376904e262
5.4921164838877895e20	1.154557320624996e262
5.542985515684652e20	1.1656690534382547e262
5.594325706169389e20	1.1768772392964788e262
5.646141419303661e20	1.1881828373802076e262
5.698437059469159e20	1.1995868153554131e262
5.7512170718416136e20	1.2110901494904948e262
5.80448594276896e20	1.2226938247128561e262
5.858248200152548e20	1.2343988346876265e262
5.912508413831869e20	1.2462061818941482e262
5.967271195973335e20	1.258116877703447e262
6.022541201461928e20	1.2701319424591955e262
6.078323128297212e20	1.2822524055369896e262
6.134621717992518e20	1.2944793054731697e262
6.191441755977835e20	1.3068136899932136e262
6.248788072006914e20	1.3192566161148466e262
6.306665540567406e20	1.331809150229747e262
6.365079081295552e20	1.3444723681959198e262
6.424033659394203e20	1.3572473554135588e262
6.483534286054714e20	1.370135206880312e262
6.543586018883256e20	1.3831370273573362e262
6.604193962330305e20	1.3962539313714677e262
6.665363268124894e20	1.4094870433574743e262
6.727099135712351e20	1.4228374977134094e262
6.789406812696099e20	1.4363064389263956e262
6.852291595284085e20	1.4498950216101896e262
6.915758828738525e20	1.4636044106610282e262
6.979813907830639e20	1.4774357813098203e262
7.044462277299051e20	1.4913903192263153e262
7.109709432312424e20	1.505469220614127e262
7.17556091893695e20	1.5196736923068526e262
7.242022334607315e20	1.5340049518603514e262
7.309099328602888e20	1.5484642276695732e262
7.376797602527745e20	1.5630527590395352e262
7.445122910795128e20	1.5777717963030636e262
7.514081061116993e20	1.5926226009206946e262
7.583677914997191e20	1.6076064456012614e262
7.653919388230125e20	1.622724614320217e262
7.724811451403416e20	1.6379784025496737e262
7.796360130405221e20	1.653369117288172e262
7.868571506936876e20	1.668898077166274e262
7.94145171902934e20	1.6845666125982304e262
8.01500696156538e20	1.700376065835395e262
8.089243486805954e20	1.716327791111615e262
8.164167604921455e20	1.7324231547452553e262
8.239785684528545e20	1.7486635352523595e262
8.316104153230962e20	1.765050323456875e262
8.393129498166339e20	1.781584922606058e262
8.47086826655742e20	1.7982687484949515e262
8.549327066268368e20	1.8151032295663004e262
8.628512566366922e20	1.83208980704027e262
8.708431497690724e20	1.8492299350155216e262
8.789090653419927e20	1.8665250806470313e262
8.87049688965442e20	1.8839767241799757e262
8.952657125996382e20	1.901586359139342e262
9.035578346138957e20	1.919355492427897e262
9.119267598459298e20	1.9372856444552608e262
9.203731996618192e20	1.955378349264514e262
9.288978720164517e20	1.973635154659742e262
9.37501501514527e20	1.992057622338387e262
9.461848194722031e20	2.010647328007392e262
9.549485639791967e20	2.0294058615357257e262
9.637934799615756e20	2.0483348270874278e262
9.727203192450557e20	2.0674358431979366e262
9.817298406188821e20	2.0867105430065173e262
9.908228099003828e20	2.1061605743282155e262
1.0e21	2.1257875997990166e262
