E	Eg
1.0e17	1.0500000000138392e17
1.0092621909870443e17	1.0597253005533067e17
1.0186101701559773e17	1.0695406786844067e17
1.0280447320933077e17	1.0794469687231018e17
1.0375666787451891e17	1.08944501271301e17
1.0471768194855203e17	1.0995356604969034e17
1.0568759711848008e17	1.1097197697890256e17
1.066664958279541e17	1.1199982062479712e17
1.0765446128423138e17	1.130371843550241e17
1.0865157746525418e17	1.1408415634645893e17
1.09657929126781e17	1.1514082559269005e17
1.10673601809597e17	1.1620728191159118e17
1.116986818467825e17	1.1728361595295475e17
1.1273325637104848e17	1.1836991920619566e17
1.1377741332214949e17	1.1946628400813579e17
1.148312414543511e17	1.2057280355084744e17
1.158948303439807e17	1.2168957188958269e17
1.169682703970387e17	1.2281668395076944e17
1.1805165285688032e17	1.2395423554007786e17
1.1914506981197797e17	1.2510232335057614e17
1.2024861420374123e17	1.2626104497094318e17
1.2136237983442368e17	1.274304988937765e17
1.2248646137509333e17	1.2861078452396502e17
1.2362095437367666e17	1.2980200218714058e17
1.2476595526308736e17	1.3100425313822021e17
1.2592156136941509e17	1.322176395700088e17
1.2708787092020542e17	1.3344226462190379e17
1.2826498305280626e17	1.3467823238866562e17
1.2945299782279134e17	1.3592564792927315e17
1.3065201621247253e17	1.3718461727587211e17
1.3186214013947485e17	1.3845524744279165e17
1.3308347246540706e17	1.3973764643566309e17
1.3431611700460181e17	1.4103192326061197e17
1.355601785329366e17	1.4233818793353819e17
1.3681576279674762e17	1.4365655148949552e17
1.3808297652180923e17	1.4498712599214157e17
1.3936192742241378e17	1.4633002454329754e17
1.4065272421052392e17	1.4768536129258477e17
1.4195547660500987e17	1.4905325144715456e17
1.4327029534098354e17	1.5043381128152426e17
1.4459729217920195e17	1.518271581474883e17
1.4593657991557517e17	1.5323341048414333e17
1.4728827239075046e17	1.54652687827999e17
1.486524844997854e17	1.5608511082318848e17
1.5002933220192227e17	1.5753080123178477e17
1.514189325304352e17	1.589898819442078e17
1.5282140360258646e17	1.6046247698974643e17
1.5423686462966304e17	1.6194871154717645e17
1.556654359271059e17	1.6344871195547786e17
1.5710723892474554e17	1.6496260572467965e17
1.5856239617711373e17	1.6649052154678883e17
1.600310313738695e17	1.6803258930685107e17
1.6151326935030928e17	1.695889400941082e17
1.630092360979738e17	1.711597062132772e17
1.6451905877536675e17	1.7274502119594778e17
1.6604286571875296e17	1.7434501981208576e17
1.675807864530762e17	1.7595983808167645e17
1.6913295170296506e17	1.7758961328647194e17
1.7069949340384045e17	1.792344839818667e17
1.7228054471313994e17	1.8089459000891437e17
1.7387624002162506e17	1.82570072506451e17
1.754867149648145e17	1.842610739233703e17
1.7711210643450906e17	1.859677380310244e17
1.7875255259042317e17	1.8769020993575565e17
1.804081928719388e17	1.894286360915858e17
1.8207916800994624e17	1.9118316431302768e17
1.8376562003881648e17	1.9295394378806038e17
1.8546769230847014e17	1.9474112509124624e17
1.8718552949655754e17	1.965448601969909e17
1.889192776207672e17	1.9836530249298358e17
1.9066908405122518e17	2.0020260679376752e17
1.9243509752303245e17	2.0205692935449907e17
1.9421746814890285e17	2.039284278848589e17
1.9601634743191818e17	2.0581726156313248e17
1.9783188827841702e17	2.0772359105048307e17
1.9966424501097933e17	2.096475785053764e17
2.0151357338155504e17	2.1158938759821853e17
2.033800305846984e17	2.1354918352616026e17
2.052637752709248e17	2.1552713302809846e17
2.0716496756020752e17	2.1752340439988704e17
2.09083769055575e17	2.1953816750972886e17
2.1102034285685878e17	2.2157159381379994e17
2.1297485357455232e17	2.2362385637206838e17
2.149474673437976e17	2.2569512986433085e17
2.169383518385191e17	2.2778559060649203e17
2.1894767628566208e17	2.2989541656704733e17
2.209756114795894e17	2.320247873838247e17
2.2302232979659408e17	2.3417388438095443e17
2.2508800520954573e17	2.3634289058608346e17
2.271728133026912e17	2.385319907478606e17
2.2927693128656486e17	2.4074137135365952e17
2.3140053801306448e17	2.429712206475932e17
2.3354381399064816e17	2.4522172864878374e17
2.357069413996723e17	2.474930871699133e17
2.3789010410789005e17	2.4978548983608422e17
2.4009348768606518e17	2.5209913210394198e17
2.4231727942375907e17	2.544342112811341e17
2.445616683452449e17	2.5679092654605526e17
2.4682684522556874e17	2.5916947896791344e17
2.4911300260677962e17	2.6157007152714083e17
2.5142033481427965e17	2.6399290913610845e17
2.5374903797335613e17	2.6643819866020973e17
2.560993100258462e17	2.68906148939279e17
2.5847135074695584e17	2.713969708093627e17
2.6086536176225558e17	2.7391087712488157e17
2.63281546564802e17	2.7644808278113357e17
2.6572011053244957e17	2.7900880473721053e17
2.6818126094530182e17	2.8159326203929286e17
2.706652070033236e17	2.8420167584433296e17
2.7317215984413846e17	2.8683426944418195e17
2.7570233256095827e17	2.8949126829009126e17
2.7825594022071146e17	2.921729000176847e17
2.8083319988231754e17	2.948793944723312e17
2.8343433061513034e17	2.97610983734976e17
2.8605955351757507e17	3.003679021484386e17
2.8870909173592346e17	3.0315038634414285e17
2.913831704832777e17	3.059586752693562e17
2.940820170587067e17	3.0879301021487706e17
2.968058608665596e17	3.1165363484322214e17
2.995549334359822e17	3.1454079521733357e17
3.0232946844057766e17	3.174547398297481e17
3.051297017182858e17	3.2039571963233466e17
3.07955871291423e17	3.233639880665183e17
3.108082173869057e17	3.2635980109404717e17
3.1368698245668864e17	3.293834172283208e17
3.1659241119835206e17	3.324350975662355e17
3.1952475057592006e17	3.35515105820626e17
3.2248424984084454e17	3.3862370835324755e17
3.254711605531841e17	3.417611742083351e17
3.284857366030054e17	3.44927775146775e17
3.3152823423194234e17	3.4812378568082323e17
3.345989120549961e17	3.513494831094716e17
3.376980310825095e17	3.546051475543861e17
3.408258547423445e17	3.5789106199646534e17
3.439826489022935e17	3.612075123130474e17
3.4716868189265594e17	3.645547873157047e17
3.503842245290661e17	3.67933178788717e17
3.5362955013550464e17	3.7134298152815904e17
3.5690493456752224e17	3.7478449338163686e17
3.602106562357081e17	3.782580152887148e17
3.635469961293318e17	3.817638513219492e17
3.669142378402479e17	3.853023087286476e17
3.703126675869931e17	3.888736979732642e17
3.7374257423910566e17	3.924783327804721e17
3.772042493417009e17	3.961165301789571e17
3.806979871402284e17	3.997886105458533e17
3.842240846055045e17	4.0349489765191123e17
3.877828414589461e17	4.072357187073429e17
3.9137456019803757e17	4.110114044083656e17
3.9499954612206554e17	4.1482228898447866e17
3.986581073580439e17	4.1866871024640896e17
4.023505548869277e17	4.2255100963481574e17
4.060772025700369e17	4.264695322696759e17
4.098383671757253e17	4.304246270003936e17
4.1363436840632864e17	4.3441664645665786e17
4.174655289253135e17	4.384459470999799e17
4.213321743847272e17	4.4251288927600064e17
4.252346334528686e17	4.46617837267498e17
4.2917323784221485e17	4.507611593481142e17
4.3314832233764115e17	4.549432278368565e17
4.3716022482485024e17	4.5916441915326496e17
4.412092863191172e17	4.6342511387337306e17
4.45295850994266e17	4.677256967863666e17
4.494202662119133e17	4.7206655695195354e17
4.5358288255102e17	4.764480877585237e17
4.5778405383766163e17	4.808706869819752e17
4.620241371751294e17	4.853347568453195e17
4.663034929742736e17	4.8984070407898643e17
4.7062248498412717e17	4.943889399818455e17
4.7498148032285146e17	4.9897988048300314e17
4.793808495089107e17	5.036139462042537e17
4.838209664925937e17	5.0829156252331744e17
4.883022086877885e17	5.130131596377447e17
4.928249570040503e17	5.177791726295627e17
4.973895958790078e17	5.2259004153064294e17
5.0199651331100794e17	5.2744621138873754e17
5.066461008921248e17	5.323481323342807e17
5.1133875384143315e17	5.3729625964784384e17
5.160748710385897e17	5.422910538283039e17
5.208548550577676e17	5.473329806617339e17
5.256791122018419e17	5.52422511290926e17
5.3054805253695526e17	5.5756012228567315e17
5.354620899273613e17	5.62746295713673e17
5.404216420705904e17	5.679815192121296e17
5.4542713053298477e17	5.7326628606004915e17
5.5047898078549677e17	5.786010952511533e17
5.555776222398855e17	5.839864515675133e17
5.6072348828520384e17	5.894228656537978e17
5.659170163246231e17	5.949108540921645e17
5.711586478126447e17	6.00450939477855e17
5.764488282925873e17	6.060436504953481e17
5.817880074344911e17	6.116895219952196e17
5.871766390733262e17	6.173890950715767e17
5.92615181247554e17	6.231429171401263e17
5.981040962380956e17	6.289515420168874e17
6.036438506075864e17	6.348155299974444e17
6.092349152400686e17	6.40735447936882e17
6.148777653810029e17	6.467118693302495e17
6.205728806776488e17	6.527453743936193e17
6.263207452198705e17	6.588365501457812e17
6.321218475812448e17	6.649859904904091e17
6.379766808606257e17	6.711942962989052e17
6.438857427240426e17	6.774620754937117e17
6.498495354469875e17	6.837899431322016e17
6.558685659571448e17	6.90178521491146e17
6.619433458774388e17	6.966284401516489e17
6.680743915695588e17	7.031403360846757e17
6.742622241778349e17	7.097148537370636e17
6.805073696735192e17	7.163526451180261e17
6.868103588995322e17	7.230543698862249e17
6.9317172761554e17	7.298206954372543e17
6.995920165435346e17	7.366522969916922e17
7.06071771413778e17	7.435498576835804e17
7.126115430111731e17	7.505140686493664e17
7.192118872221207e17	7.57545629117373e17
7.258733650817245e17	7.646452464976289e17
7.3259654282152e17	7.718136364722436e17
7.393819919175873e17	7.790515230861468e17
7.462302891391092e17	7.863596388382687e17
7.531420165974391e17	7.937387247731999e17
7.601177617955323e17	8.01189530573158e17
7.67158117677927e17	8.087128146504754e17
7.742636826811278e17	8.163093442404001e17
7.814350607844526e17	8.239798954942867e17
7.886728615614172e17	8.317252535732416e17
7.959777002314977e17	8.3954621274202e17
8.033501977124701e17	8.474435764634083e17
8.107909806731694e17	8.554181574928621e17
8.183006815867373e17	8.634707779735203e17
8.258799387844289e17	8.716022695315922e17
8.335293965098188e17	8.79813473371993e17
8.412497049736084e17	8.881052403743818e17
8.490415204088755e17	8.964784311894528e17
8.56905505126833e17	9.049339163355137e17
8.648423275731744e17	9.134725762954469e17
8.728526623848371e17	9.220953016138249e17
8.809371904473955e17	9.308029929944193e17
8.890965989529167e17	9.3959656139791e17
8.973315814583501e17	9.484769281398316e17
9.056428379445312e17	9.574450249888668e17
9.140310748756223e17	9.665017942652515e17
9.224970052592137e17	9.756481889395361e17
9.310413487069085e17	9.848851727314799e17
9.396648314954671e17	9.942137202091813e17
9.483681866285947e17	1.0036348168884751e18
9.571521538991855e17	1.013149459332421e18
9.660174799522606e17	1.0227586552483027e18
9.749649183484096e17	1.0324634235937082e18
9.839952296278207e17	1.0422647946738596e18
9.931091813749821e17	1.052163810239525e18
1.0023075482838643e18	1.062161523589452e18
1.0115911122238339e18	1.072258999670554e18
1.0209606623060476e18	1.0824573151825857e18
1.0304169949505853e18	1.0927575586686966e18
1.0399609139541225e18	1.1031608306230935e18
1.0495932305582266e18	1.1136682435993125e18
1.0593147635183744e18	1.1242809222897514e18
1.0691263391734771e18	1.1350000036555046e18
1.0790287915161814e18	1.1458266370071366e18
1.0890229622637327e18	1.1567619841131994e18
1.0991097009294962e18	1.167807219303169e18
1.1092898648952273e18	1.1789635295685384e18
1.1195643194838794e18	1.1902321146551273e18
1.1299339380332193e18	1.2016141871757711e18
1.1403996019700355e18	1.2131109727078932e18
1.1509622008850312e18	1.2247237099016425e18
1.1616226326085066e18	1.236453650565521e18
1.1723818032865997e18	1.2483020597937308e18
1.1832406274583757e18	1.2602702160509115e18
1.194200028133535e18	1.2723594112782116e18
1.2052609368708413e18	1.2845709509849567e18
1.216424293857373e18	1.2969061543747315e18
1.2276910479883604e18	1.3093663544128673e18
1.2390621569479132e18	1.3219528979558728e18
1.2505385872903939e18	1.3346671458518264e18
1.2621213145225462e18	1.3475104730322056e18
1.2738113231864837e18	1.360484268613519e18
1.2856096069432965e18	1.3735899360039283e18
1.297517168657584e18	1.386828893023271e18
1.3095350204826703e18	1.4002025719656274e18
1.3216641839466038e18	1.4137124197261015e18
1.333905690039064e18	1.4273598978999606e18
1.346260579298911e18	1.4411464828879073e18
1.3587299019027064e18	1.4550736659801364e18
1.3713147177539484e18	1.469142953486446e18
1.3840160965731302e18	1.4833558667698632e18
1.3968351179887455e18	1.4977139424818742e18
1.4097728716289677e18	1.5122187325223777e18
1.422830457214349e18	1.5268718042130365e18
1.4360089846512635e18	1.5416747404127245e18
1.4493095741262152e18	1.5566291394752522e18
1.4627333562011359e18	1.5717366156707684e18
1.476281471909391e18	1.5869987988374917e18
1.4899550728528507e18	1.6024173349540995e18
1.5037553212997414e18	1.617993885841107e18
1.5176833902834038e18	1.6337301294997486e18
1.5317404637020861e18	1.649627760133547e18
1.5459277364194785e18	1.6656884882800177e18
1.5602464143663647e18	1.6819140408454725e18
1.57469771464309e18	1.6983061612616376e18
1.5892828656229763e18	1.714866609569501e18
1.6040031070568264e18	1.731597162518833e18
1.6188596901781993e18	1.7484996136738043e18
1.633853877809857e18	1.7655757734614287e18
1.6489869444710682e18	1.7828274693461496e18
1.6642601764859018e18	1.8002565458923105e18
1.67967487209266e18	1.817864864853238e18
1.6952323415541215e18	1.8356543052799716e18
1.71093390726901e18	1.8536267636103762e18
1.7267809038843594e18	1.871784153756507e18
1.7427746784089172e18	1.8901284072523203e18
1.75891659032774e18	1.908661473317786e18
1.775208011717636e18	1.9273853189049155e18
1.7916503273638958e18	1.9463019288624538e18
1.8082449348779553e18	1.965413306009681e18
1.8249932448161505e18	1.9847214712291343e18
1.8418966807997184e18	2.0042284635662692e18
1.8589566796356882e18	2.0239363403214833e18
1.8761746914391158e18	2.0438471771415785e18
1.893552179756299e18	2.063963068122141e18
1.9110906216891359e18	2.084286125897955e18
1.9287915080207857e18	2.1048184817387676e18
1.9466563433422633e18	2.1255622856489661e18
1.9646866461804406e18	2.1465197064521997e18
1.9828839491270753e18	2.1676929318759616e18
2.001249798969035e18	2.189084168640477e18
2.0197857568198866e18	2.210695642624569e18
2.038493398252464e18	2.2325295988828756e18
2.0573743134329073e18	2.2545883017644306e18
2.076430107255779e18	2.2768740350059607e18
2.0956623994804308e18	2.2993891018302134e18
2.1150728248688033e18	2.322135825049593e18
2.1346630333242455e18	2.3451165471424957e18
2.154434690031878e18	2.3683336303433513e18
2.1743894756000845e18	2.391789456764065e18
2.1945290862033114e18	2.4154864284756086e18
2.2148552337263683e18	2.439426967599468e18
2.2353696459097966e18	2.463613516467827e18
2.2560740664968545e18	2.488048537618518e18
2.2769702553816847e18	2.512734513969397e18
2.2980599887588488e18	2.537673948893224e18
2.319345059274437e18	2.562869366319131e18
2.3408272761782943e18	2.5883233108449884e18
2.36250846547794e18	2.614038347833307e18
2.384390470093725e18	2.640017063471018e18
2.406475150015422e18	2.666262065010621e18
2.4287643824604605e18	2.692775980757484e18
2.45126006203334e18	2.71956146020707e18
2.4739641008868065e18	2.746621174171311e18
2.496878428884332e18	2.7739578148753147e18
2.5200049937640893e18	2.801574096082284e18
2.5433457613046584e18	2.829472753238568e18
2.566902715491952e18	2.857656543522701e18
2.590677858688001e18	2.8861282459880986e18
2.614673211801097e18	2.914890661769243e18
2.638890814457508e18	2.943946614126214e18
2.663332725174992e18	2.9732989485897405e18
2.6880010215376077e18	3.0029505330925056e18
2.712897800372459e18	3.032904258116365e18
2.7380251779278633e18	3.063163036821924e18
2.763385290053167e18	3.093729805287907e18
2.788980292380451e18	3.1246075223852513e18
2.8148123605075814e18	3.1557991701435873e18
2.8408836901832955e18	3.1873077538721326e18
2.867196497493776e18	3.2191363023014697e18
2.8937530190509476e18	3.251287867727442e18
2.920555512182757e18	3.2837655261760707e18
2.9476062551248584e18	3.316572377571143e18
2.974907547214431e18	3.349711545893327e18
3.002461709085555e18	3.3831861793681787e18
3.030271082866393e18	3.4169994506214134e18
3.0583380323784443e18	3.451154556873973e18
3.0866649433372744e18	3.485654720113701e18
3.1152542235554785e18	3.52050318729078e18
3.144108303147271e18	3.55570323050648e18
3.173229634734973e18	3.591258147211576e18
3.2026206936576635e18	3.6271712603948237e18
3.2322839781813806e18	3.6634459187580416e18
3.26222200971166e18	3.700085496991995e18
3.292437333007776e18	3.737093396005948e18
3.3229325163989683e18	3.774473043047392e18
3.3537101520029425e18	3.812227891948305e18
3.384772855945983e18	3.850361423324131e18
3.416123268585518e18	3.8888771449852104e18
3.447764054734471e18	3.9277785919609564e18
3.479697903887688e18	3.9670693267962793e18
3.5119275304507423e18	4.006752939813466e18
3.5444556739704356e18	4.0468330493301514e18
3.5772850993678623e18	4.087313301934394e18
3.610418597173345e18	4.1281973727175583e18
3.6438589837635405e18	4.1694889655401216e18
3.6776091016010455e18	4.2111918132895805e18
3.711671819475767e18	4.253309678143871e18
3.746050032748982e18	4.295846351839219e18
3.780746663599357e18	4.3388056559435e18
3.815764661271245e18	4.3821914421263524e18
3.8511070023255844e18	4.426007592429711e18
3.886776690892668e18	4.470258019583253e18
3.9227767589277076e18	4.514946667232103e18
3.9591102664684667e18	4.560077510288273e18
3.9957803018952653e18	4.605654555178654e18
4.032789982193722e18	4.651681840253105e18
4.070142453219439e18	4.698163435791433e18
4.107840889965634e18	4.745103444578766e18
4.1458884968329196e18	4.79250600212366e18
4.184288507901576e18	4.840375276968392e18
4.2230441872066893e18	4.888715471037977e18
4.262158829015325e18	4.937530819888445e18
4.3016357581067817e18	4.986825592942619e18
4.3414783300551014e18	5.036604093982302e18
4.3816899315141857e18	5.086870661258693e18
4.422273980505915e18	5.137629668165793e18
4.4632339267103974e18	5.188885523247956e18
4.5045732517594445e18	5.240642670605746e18
4.546295469532409e18	5.292905590219016e18
4.588404126454752e18	5.345678798313331e18
4.630902801799756e18	5.398966847670849e18
4.673795107992463e18	5.452774327952196e18
4.717084690917003e18	5.507105866056161e18
4.760775230226378e18	5.561966126439345e18
4.804870439655124e18	5.61735981144942e18
4.849374067335253e18	5.673291661698137e18
4.894289896114531e18	5.729766456374131e18
4.939621743878306e18	5.786789013585378e18
4.985373463873904e18	5.844364190735089e18
5.031548945038046e18	5.902496884854951e18
5.078152112327691e18	5.961192032919283e18
5.125186927053332e18	6.020454612247444e18
5.172657387216003e18	6.080289640740165e18
5.220567527846986e18	6.14070217754572e18
5.268921421350666e18	6.201697323097238e18
5.317723177850989e18	6.263280219646768e18
5.366976945540476e18	6.325456051451919e18
5.416686911033135e18	6.388230045385509e18
5.466857299720192e18	6.451607470797696e18
5.517492376129117e18	6.515593640469006e18
5.568596444286431e18	6.580193910856945e18
5.620173848083188e18	6.645413682255271e18
5.672228971644526e18	6.711258399272596e18
5.72476623970219e18	6.777733551200321e18
5.777790117970495e18	6.84484467238795e18
5.831305113526242e18	6.912597342621194e18
5.885315775191451e18	6.980997187502525e18
5.939826693920338e18	7.050049878843335e18
5.994842503189421e18	7.1197611349928e18
6.050367879391212e18	7.190136721351522e18
6.106407542232061e18	7.261182450586376e18
6.162966255132942e18	7.332904183205845e18
6.220048825634692e18	7.405307827792646e18
6.277660105806513e18	7.478399341550211e18
6.335804992658242e18	7.552184730501634e18
6.394488428556963e18	7.626670050176318e18
6.453715401646702e18	7.701861405821525e18
6.513490946272782e18	7.777764952919323e18
6.573820143409598e18	7.854386897269845e18
6.634708121092337e18	7.93173349580859e18
6.696160054853243e18	8.009811056747502e18
6.75818116816111e18	8.088625940461024e18
6.820776732865664e18	8.168184559550412e18
6.883952069645511e18	8.248493379056663e18
6.947712548460226e18	8.329558917253104e18
7.012063589007205e18	8.411387746005919e18
7.07701066118189e18	8.493986491217547e18
7.142559285543105e18	8.577361833192667e18
7.20871503378215e18	8.661520507202613e18
7.275483529196217e18	8.746469303842636e18
7.342870447166788e18	8.832215069557826e18
7.41088151564157e18	8.918764707073461e18
7.479522515621798e18	9.006125175891242e18
7.548799281653447e18	9.09430349267525e18
7.618717702322984e18	9.183306731921932e18
7.689283720758337e18	9.273142026199253e18
7.760503335133571e18	9.36381656682824e18
7.832382599179172e18	9.455337604289112e18
7.904927622696437e18	9.547712448541086e18
7.978144572076613e18	9.64094847005422e18
8.052039670825503e18	9.735053099893043e18
8.126619200091946e18	9.830033830290315e18
8.201889499202178e18	9.925898215225182e18
8.277856966198489e18	1.0022653870900615e19
8.354528058382854e18	1.012030847631188e19
8.431909292866286e18	1.0218869773757186e19
8.510007247122247e18	1.0318345569465045e19
8.588828559546224e18	1.0418743733763447e19
8.668379930019792e18	1.0520072202453529e19
8.748668120479897e18	1.0622338976706636e19
8.829699955494119e18	1.0725552123719334e19
8.911482322840202e18	1.0829719777402909e19
8.994022174092017e18	1.093485013896028e19
9.077326525210242e18	1.1040951477398968e19
9.161402457138503e18	1.1148032130174829e19
9.246257116405772e18	1.1256100503824257e19
9.331897715733238e18	1.1365165074587509e19
9.418331534647923e18	1.147523438887222e19
9.50556592010121e18	1.1586317064047454e19
9.593608287093127e18	1.1698421788987568e19
9.682466119303154e18	1.1811557324763705e19
9.772146969725725e18	1.192573250518693e19
9.86265846131279e18	1.204095623765182e19
9.95400828762154e18	1.215723750353355e19
1.004620421346811e19	1.227458535933631e19
1.0139254075588184e19	1.2393008936521492e19
1.023316578330245e19	1.2512517442829375e19
1.0327947319189484e19	1.263312016257552e19
1.0423606739764034e19	1.275482645818635e19
1.0520152176161569e19	1.2877645770251594e19
1.0617591834830033e19	1.30015876179119e19
1.071593399822671e19	1.3126661599901747e19
1.0815187025522848e19	1.325287739597113e19
1.0915359353313933e19	1.3380244766657255e19
1.1016459496336546e19	1.3508773554253488e19
1.1118496048192743e19	1.3638473683572472e19
1.1221477682079803e19	1.3769355163073595e19
1.132541315152808e19	1.3901428085200347e19
1.143031129114481e19	1.4034702627546966e19
1.153618101736476e19	1.4169189053146327e19
1.1643031329208803e19	1.4304897711973294e19
1.1750871309048076e19	1.4441839041060581e19
1.1859710123376658e19	1.4580023565675387e19
1.1969557023590453e19	1.4719461900247024e19
1.2080421346773264e19	1.4860164748996321e19
1.2192312516491145e19	1.500214290683062e19
1.2305240043592616e19	1.514540726041805e19
1.2419213527017796e19	1.528996878901924e19
1.253424265461402e19	1.5435838565272113e19
1.2650337203959011e19	1.5583027756237478e19
1.2767507043192697e19	1.5731547624372136e19
1.288576213185518e19	1.588140952858146e19
1.3005112521734046e19	1.6032624925175419e19
1.3125568357718454e19	1.6185205368960983e19
1.3247139878661149e19	1.6339162514349144e19
1.3369837418249507e19	1.6494508116508633e19
1.3493671405883064e19	1.6651254032364216e19
1.3618652367560772e19	1.6809412222514567e19
1.3744790926775394e19	1.696899475199297e19
1.3872097805416182e19	1.7130013791506762e19
1.4000583824681017e19	1.7292481619380668e19
1.4130259905995336e19	1.7456410622985232e19
1.4261137071941239e19	1.7621813300443916e19
1.4393226447194094e19	1.778870226246378e19
1.4526539259467782e19	1.7957090234528823e19
1.466108684046989e19	1.8126990057999796e19
1.4796880626863964e19	1.8298414694540743e19
1.4933932161242472e19	1.847137722658149e19
1.5072253093107587e19	1.8645890861154685e19
1.5211855179861017e19	1.8821968932758688e19
1.5352750287804275e19	1.899962490674879e19
1.5494950393146317e19	1.9178872383594193e19
1.5638467583022414e19	1.935972510137574e19
1.5783314056521198e19	1.9542196942008537e19
1.5929502125721197e19	1.97263019357415e19
1.6077044216738286e19	1.9912054266456936e19
1.622595287078087e19	2.009946827889319e19
1.6376240745216823e19	2.0288558485055504e19
1.6527920614648973e19	2.04793395715248e19
1.6681005372000557e19	2.0671826408644112e19
1.6835508029612075e19	2.086603405990401e19
1.699144172034626e19	2.1061977792892846e19
1.7148819698705338e19	2.125967309077315e19
1.7307655341957276e19	2.145913566508534e19
1.7467962151272421e19	2.1660381471481684e19
1.7629753752872112e19	2.1863426725242348e19
1.7793043899185773e19	2.206828791959862e19
1.7957846470020895e19	2.2274981845516116e19
1.8124175473742395e19	2.248352561407048e19
1.8292045048462901e19	2.269393668063285e19
1.8461469463245533e19	2.2906232872173605e19
1.86324631193156e19	2.3120432416889532e19
1.8805040551285756e19	2.3336553977509114e19
1.8979216428391035e19	2.355461668697055e19
1.915500555573524e19	2.3774640189098213e19
1.933242287555051e19	2.3996644681633485e19
1.9511483468466164e19	2.422065096518463e19
1.9692202554791653e19	2.444668049560988e19
1.987459549580986e19	2.4674755441947296e19
2.0058677795082297e19	2.4904898749664637e19
2.02444650997681e19	2.5137134210565657e19
2.0431973201952707e19	2.5371486538136867e19
2.062121803999136e19	2.5607981449965134e19
2.0812215699863413e19	2.5846645757752766e19
2.100498241653911e19	2.608750746607261e19
2.1199534575360774e19	2.633059587754365e19
2.1395888713434214e19	2.657594171032771e19
2.1594061521035588e19	2.682357722395445e19
2.179406984302958e19	2.707353635620665e19
2.1995930680300704e19	2.7325854871945507e19
2.2199661191199617e19	2.7580570523573113e19
2.240527869300018e19	2.783772322789614e19
2.26128006633727e19	2.809735525397569e19
2.2822244741869007e19	2.835951142883837e19
2.3033628731421266e19	2.8624239359965106e19
2.324697059985655e19	2.889158967667669e19
2.3462288481422623e19	2.916161629084754e19
2.367960067833069e19	2.94343766790788e19
2.3898925662310527e19	2.970993219099258e19
2.412028207618002e19	2.9988348380256416e19
2.434368873543118e19	3.0269695364476633e19
2.45691646298279e19	3.0554048216454144e19
2.47967289250215e19	3.0841487388257436e19
2.502640096417922e19	3.1132099172366217e19
2.5258200269627793e19	3.142597620301099e19
2.549214654451431e19	3.1723218002390405e19
2.572825967447932e19	3.2023931575043387e19
2.5966559729348616e19	3.232823205783087e19
2.620706696483855e19	3.2636243429249044e19
2.6449801824277144e19	3.2948099286575337e19
2.669478494034329e19	3.3263943697493336e19
2.6942037136818823e19	3.358393213574008e19
2.7191579430360076e19	3.3908232510472143e19
2.744343303228368e19	3.423702630147312e19
2.7697619350368854e19	3.4570509813101027e19
2.795415999067865e19	3.4908895564037562e19
2.821307675939471e19	3.5252413828069917e19
2.8474391664672362e19	3.5601314349211963e19
2.8738126918510694e19	3.5955868255190487e19
2.9004304938639856e19	3.631637019612184e19
2.927294835042825e19	3.6683140744420184e19
2.9544079988803797e19	3.7056529091083665e19
2.981772290019661e19	3.743691608847863e19
3.0093900344497242e19	3.782471769098837e19
3.0372635797033054e19	3.822038885898063e19
3.065395295056536e19	3.862442800510376e19
3.0937875717301367e19	3.903738207051308e19
3.122442823092845e19	3.945985234186213e19
3.1513634848664826e19	3.98925011472346e19
3.180552015332913e19	4.03360595872327e19
3.2100108955431813e19	4.079133649552902e19
3.2397426295281955e19	4.125922887365241e19
3.2697497445117546e19	4.174073408864582e19
3.3000347911252886e19	4.2236964201084486e19
3.330600343624582e19	4.274916287710478e19
3.3614490001087754e19	4.327872544717168e19
3.392583382740992e19	4.382722282545211e19
3.4240061379714118e19	4.439643019830294e19
3.455719936762143e19	4.498836163520913e19
3.4877274748141703e19	4.560531211093637e19
3.5200314727966896e19	4.6249908877379764e19
3.5526346765781393e19	4.692517471377778e19
3.5855398574598025e19	4.763460640873972e19
3.6187498124112843e19	4.838227296002857e19
3.652267364308168e19	4.917293953282837e19
3.686095362172169e19	5.00122254447275e19
3.720236681413066e19	5.0906807618546614e19
3.754694224073322e19	5.186468553507596e19
3.789470919074672e19	5.289553050192182e19
3.824569722466991e19	5.401115220110377e19
3.8599936176797794e19	5.522613096568921e19
3.895745615775501e19	5.655868830025879e19
3.9318287557057544e19	5.803190636972959e19
3.968246104569486e19	5.967546919532779e19
4.0050007578736026e19	6.1528201473085284e19
4.042095839796318e19	6.364185698392303e19
4.079534503452449e19	6.6086917525963375e19
4.117319931161662e19	6.896172113537091e19
4.155455334718879e19	7.2407275521213555e19
4.1939439556671775e19	7.663209451106512e19
4.232789065573562e19	8.195526656976619e19
4.271993966306777e19	8.888358415200212e19
4.311561990318211e19	9.825317009771341e19
4.351496500925054e19	1.1149101421870814e20
4.391800892596077e19	1.3107954601822701e20
4.43247859124041e19	1.612779977659338e20
4.473533054498463e19	2.0891786229357078e20
4.514967772036084e19	2.8371869311676426e20
4.5567862658410684e19	3.979979153747959e20
4.598992090522429e19	5.66939441873811e20
4.641588833612792e19	8.102230089187255e20
4.684580115873045e19	1.1543348432535219e21
4.727969591600371e19	1.634964391959757e21
4.77176094893875e19	2.2995877124055743e21
4.815957910192341e19	3.21049762950492e21
4.860564232142148e19	4.448442750321694e21
4.905583706365045e19	6.116958200901373e21
4.951020159556331e19	8.347434438594596e21
4.996877453854889e19	1.130494943199724e22
5.043159487171348e19	1.5194868671037558e22
5.0898701935196955e19	2.027019198983296e22
5.137013543351339e19	2.6839595801490187e22
5.184593543892892e19	3.5276084996296277e22
5.232614239486667e19	4.602613225603466e22
5.28107971193432e19	5.9619145704842426e22
5.3299940808441045e19	7.667707089163553e22
5.379361503980698e19	9.792370984654483e22
5.42918617761892e19	1.2418921197241056e23
5.479472336900293e19	1.5643199640736525e23
5.530224256192889e19	1.9573485130935236e23
5.581446249454978e19	2.433142550862604e23
5.633142670601352e19	3.0052354488404962e23
5.68531791387373e19	3.688625332898567e23
5.73797641421414e19	4.499703175865416e23
5.791122647641747e19	5.4563803835242745e23
5.844761131633649e19	6.577900396903106e23
5.898896425508494e19	7.88490523888008e23
5.953533130814346e19	9.399338711768766e23
6.008675891719693e19	1.1144403213667387e24
6.064329395408049e19	1.3144336116804607e24
6.120498372476715e19	1.5424387258000622e24
6.177187597338488e19	1.8010721019073227e24
6.234401888627838e19	2.092998653412873e24
6.29214610961035e19	2.420964465372816e24
6.350425168595949e19	2.787717157582876e24
6.40924401935647e19	3.196073416214567e24
6.468607661546321e19	3.6487825840047545e24
6.528521141127821e19	4.1486367748089543e24
6.588989550799956e19	4.698352433882083e24
6.650018030431105e19	5.30060620467343e24
6.7116117674963e19	5.958006111065437e24
6.7737759975177445e19	6.673076568003736e24
6.8365160045102105e19	7.448274389575307e24
6.899837121430025e19	8.285860748968731e24
6.963744730628208e19	9.188131933369323e24
7.028244264308367e19	1.0157015295444016e25
7.093341204987989e19	1.1194548736752746e25
7.159041085964859e19	1.2302528201546385e25
7.225349491787221e19	1.3482493374545377e25
7.292272058728298e19	1.4736027357000205e25
7.359814475265786e19	1.6064341677225591e25
7.42798248256491e19	1.746879670856646e25
7.496781874966846e19	1.895021223246928e25
7.566218500481063e19	2.0509427943988756e25
7.636298261282226e19	2.2147393633795672e25
7.70702711421232e19	2.3864420881701396e25
7.778411071286482e19	2.5661105062180255e25
7.850456200204476e19	2.7537413228572924e25
7.923168624866261e19	2.9493908522525246e25
7.99655452589233e19	3.153039848055401e25
8.070620141149523e19	3.3646774771760296e25
8.145371766280738e19	3.584281490960038e25
8.220815755240507e19	3.8118189319292013e25
8.296958520834915e19	4.047246854929754e25
8.373806535266473e19	4.2905130559943925e25
8.451366330684739e19	4.541556801537635e25
8.529644499741016e19	4.80030955298458e25
8.608647696149209e19	5.066695680848026e25
8.688382635251193e19	5.340633164760976e25
8.76885609458741e19	5.6220791439071265e25
8.850074914473456e19	5.91085374192181e25
8.932045998580959e19	6.20690213077227e25
9.01477631452488e19	6.510149365502326e25
9.098272894455567e19	6.820440647614949e25
9.182542835656263e19	7.137750749819124e25
9.267593301146903e19	7.461859835531454e25
9.353431520292377e19	7.79274236133291e25
9.440064789417565e19	8.130290364025024e25
9.5275004724273e19	8.474295357547699e25
9.615746001432076e19	8.824740655005165e25
9.704808877380326e19	9.181444856266012e25
9.794696670695386e19	9.544405542938371e25
9.885417021919533e19	9.913401123191272e25
9.976977642363211e19	1.0288398227584752e26
1.0069386314760251e20	1.0669165438745399e26
1.0162650893929973e20	1.1055716816423136e26
1.0256779307444208e20	1.1447951142458413e26
1.0351779556301804e20	1.1845674525780978e26
1.0447659715608052e20	1.2248877277731024e26
1.0544427935261663e20	1.2657364045058217e26
1.0642092440647269e20	1.3071135661840325e26
1.0740661533334323e20	1.3489995563796812e26
1.0840143591783354e20	1.3913955881049812e26
1.0940547072057436e20	1.4342818940915965e26
1.104188050854158e20	1.4776608831339302e26
1.1144152514667903e20	1.5215126741424277e26
1.1247371783647507e20	1.565840928526501e26
1.1351547089210037e20	1.610625636861772e26
1.1456687286348726e20	1.6558717623373878e26
1.156280131207373e20	1.701559142529549e26
1.1669898186171498e20	1.7476940854778958e26
1.177798701197118e20	1.7942562421853798e26
1.1887076977119081e20	1.8412533042386716e26
1.1997177354358854e20	1.8886721774522835e26
1.210829750232037e20	1.9365072205550804e26
1.2220446866314912e20	1.9847527762831625e26
1.2333634979137747e20	2.0333956461629842e26
1.2447871461879112e20	2.0824467855498317e26
1.2563166024741215e20	2.131885179793378e26
1.2679528467864314e20	2.1817319382427825e26
1.2796968682159442e20	2.231957462395128e26
1.2915496650148826e20	2.2825573651028624e26
1.3035122446815142e20	2.3335459670380784e26
1.3155856240457051e20	2.3849205146284266e26
1.3277708293554263e20	2.4366496726458727e26
1.3400688963639534e20	2.488758894130515e26
1.352480870417874e20	2.5412462005830436e26
1.3650078065460193e20	2.594079211383382e26
1.377650769549055e20	2.64728587546965e26
1.3904108340900669e20	2.7008649467673636e26
1.403289084785876e20	2.754782867033705e26
1.4162866162991974e20	2.8090701244840273e26
1.4294045334317669e20	2.8637261625649216e26
1.4426439512181588e20	2.918716108668438e26
1.4560059950206455e20	2.974073038723947e26
1.4694918006248202e20	3.0297970436942473e26
1.4831025143361028e20	3.0858517961866462e26
1.4968392930772615e20	3.1422854664840635e26
1.5107033044866558e20	3.199061396962937e26
1.5246957270175698e20	3.256179017654087e26
1.5388177500383494e20	3.313677494239178e26
1.5530705739334586e20	3.3715185092123815e26
1.5674554102056013e20	3.4297292045427264e26
1.5819734815786015e20	3.488269873804588e26
1.596626022101422e20	3.547196119512246e26
1.6114142772530233e20	3.606467772550856e26
1.6263395040481906e20	3.666085345605354e26
1.641402971144473e20	3.726094064759615e26
1.6566059589499152e20	3.786451788783185e26
1.671949759731985e20	3.847190081100347e26
1.6874356777273793e20	3.908265190986723e26
1.7030650292528428e20	3.969740603088551e26
1.7188391428171527e20	4.031571973453782e26
1.7347593592339327e20	4.0937932767812187e26
1.7508270317357197e20	4.156358441778693e26
1.7670435260889504e20	4.219335302379447e26
1.7834102207100063e20	4.2826771255595025e26
1.7999285067824837e20	4.346420345531605e26
1.8165997883753287e20	4.410516381857977e26
1.833425482562285e20	4.475037568792577e26
1.8504070195423058e20	4.539934596223191e26
1.867545842761074e20	4.6052464177366885e26
1.8848434090338032e20	4.670921753085333e26
1.902301188668946e20	4.737037604857042e26
1.919920665593279e20	4.803541895396934e26
1.937703337477993e20	4.8704761689073885e26
1.9556507158659472e20	4.937825315943877e26
1.9737643263002634e20	5.005553999649902e26
1.9920457084538713e20	5.0737444839025726e26
2.0104964162604928e20	5.142341591540974e26
2.0291180180466824e20	5.211389791787842e26
2.0479120966650832e20	5.280831674358297e26
2.0668802496290904e20	5.350754562269069e26
2.086024089248505e20	5.421100106082329e26
2.1053452427666997e20	5.491915540897149e26
2.1248453524988874e20	5.5631841793144705e26
2.1445260759716653e20	5.6348665373358935e26
2.1643890860640292e20	5.7070556326675336e26
2.1844360711494284e20	5.7796895772437976e26
2.204668735239403e20	5.852818728384003e26
2.2250887981283738e20	5.9263786848516156e26
2.2456979955397716e20	6.000467990700544e26
2.2664980792737022e20	6.0750452325704284e26
2.2874908173557042e20	6.150091542942515e26
2.3086779941871626e20	6.225660520897613e26
2.3300614106969296e20	6.301683841633413e26
2.351642884494346e20	6.378266262274502e26
2.373424250023876e20	6.455363860883569e26
2.3954073587208795e20	6.532956667908304e26
2.4175940791691235e20	6.611101658560688e26
2.4399862972595552e20	6.689726338035711e26
2.4625859163505443e20	6.768941972477476e26
2.4853948574298086e20	6.84870196292204e26
2.5084150592775412e20	6.928985145091062e26
2.5316484786313478e20	7.009852018917388e26
2.5550970903525124e20	7.091225664155373e26
2.5787628875937982e20	7.173224175523496e26
2.6026478819690152e20	7.255798103834523e26
2.6267541037238383e20	7.338924997068754e26
2.651083601908531e20	7.422669042516778e26
2.6756384445520508e20	7.507008031060516e26
2.7004207188377698e20	7.591889021951418e26
2.725432531281039e20	7.67743774419655e26
2.7506760079080676e20	7.763570961293753e26
2.7761532944367924e20	7.850356724451894e26
2.801866556459201e20	7.93777144562378e26
2.8278179796253383e20	8.025758953185636e26
2.8540097698292492e20	8.11445253157753e26
2.8804441533962977e20	8.203796358214559e26
2.9071233772725695e20	8.293765091409847e26
2.934049709215793e20	8.3844311167355e26
2.961225437988032e20	8.475769343107653e26
2.988652873550395e20	8.567720036043042e26
3.0163343472591975e20	8.660424924892573e26
3.0442722120642934e20	8.753790097317373e26
3.07246884270901e20	8.847892207612989e26
3.100926635931923e20	8.942704589918026e26
3.1296480106707635e20	9.038163870007143e26
3.158635408267819e20	9.13442016740514e26
3.187891292677636e20	9.231410478095765e26
3.2174181506763784e20	9.329106159960922e26
3.2472184920731255e20	9.427588656600328e26
3.277294849923396e20	9.526829590629966e26
3.3076497807442425e20	9.626761580993134e26
3.3382858647317506e20	9.727544121973437e26
3.369205705980274e20	9.829110216282033e26
3.4004119327037024e20	9.931429389586572e26
3.4319071974590566e20	1.0034588134025281e27
3.463694177371734e20	1.0138556249497946e27
3.495775574363265e20	1.024326210535247e27
3.52815411538089e20	1.0348875094560464e27
3.5608325526292745e20	1.0455323985728706e27
3.5938136638046405e20	1.056257635503406e27
3.6271002523306485e20	1.0670724021392063e27
3.6606951475968914e20	1.077969229212963e27
3.69460120519931e20	1.0889532693425586e27
3.72882130718283e20	1.100029741412667e27
3.763358362286548e20	1.1111909422822543e27
3.798215306190736e20	1.1224465821910346e27
3.8333951017665895e20	1.133793245668309e27
3.8689007393279836e20	1.1452273808057623e27
3.904735236885556e20	1.1567544525431843e27
3.940901640403464e20	1.168379995358832e27
3.9774030240580364e20	1.1800958228890657e27
4.01424249049931e20	1.1919122380189995e27
4.0514231711146554e20	1.2038256068558504e27
4.088948226294856e20	1.2158321511323257e27
4.126820845702969e20	1.2279376654735113e27
4.165044248545185e20	1.2401480175778386e27
4.2036216838447006e20	1.252459453224749e27
4.242556430717786e20	1.2648680692006236e27
4.281851798652407e20	1.277384832357486e27
4.32151112778978e20	1.2900058721206382e27
4.361537789208006e20	1.30272205510014e27
4.401935185208861e20	1.315554877335908e27
4.442706749606892e20	1.3284952534072928e27
4.483855948021181e20	1.341539032285422e27
4.5253862781701856e20	1.354697845202291e27
4.567301270168747e20	1.3679675754121018e27
4.60960448682842e20	1.38133852135821e27
4.652299523960199e20	1.3948334875164444e27
4.695390010680053e20	1.4084428227767434e27
4.7388796097176705e20	1.4221621132604095e27
4.7827720177274854e20	1.4360036930696237e27
4.8270709656031684e20	1.4499631843952445e27
4.8717802187946407e20	1.464030283678364e27
4.916903577628021e20	1.4782291802448928e27
4.962444877628934e20	1.492549623654282e27
5.008407989848212e20	1.5069869212997133e27
5.054796821191225e20	1.5215541510881085e27
5.1016153147498444e20	1.5362466584076253e27
5.148867450137487e20	1.551053501848499e27
5.196557243827679e20	1.5660003367744774e27
5.244688749495119e20	1.5810762777705835e27
5.293266058360545e20	1.5962763367039455e27
5.342293299538363e20	1.6116143788047686e27
5.3917746403874944e20	1.627085456007036e27
5.44171428686591e20	1.6426779510608057e27
5.4921164838877895e20	1.6584190716005563e27
5.542985515684652e20	1.6742972594477792e27
5.594325706169389e20	1.6903072131762127e27
5.646141419303661e20	1.706463631575429e27
5.698437059469159e20	1.7227612555046378e27
5.7512170718416136e20	1.7392014884267916e27
5.80448594276896e20	1.755771971327554e27
5.858248200152548e20	1.7725016436932662e27
5.912508413831869e20	1.7893782091243152e27
5.967271195973335e20	1.8063960271811424e27
6.022541201461928e20	1.8235707308835392e27
6.078323128297212e20	1.8408967246867323e27
6.134621717992518e20	1.8583608893095215e27
6.191441755977835e20	1.8759939102522554e27
6.248788072006914e20	1.8937827343721433e27
6.306665540567406e20	1.9117213688331278e27
6.365079081295552e20	1.929826384358117e27
6.424033659394203e20	1.9480918355323695e27
6.483534286054714e20	1.966503797435602e27
6.543586018883256e20	1.9850948050736715e27
6.604193962330305e20	2.003851003469158e27
6.665363268124894e20	2.0227740055313817e27
6.727099135712351e20	2.0418574371803869e27
6.789406812696099e20	2.0611189202549293e27
6.852291595284085e20	2.080552131124694e27
6.915758828738525e20	2.1001422609268855e27
6.979813907830639e20	2.119923908150853e27
7.044462277299051e20	2.1398823382078592e27
7.109709432312424e20	2.160010780583185e27
7.17556091893695e20	2.1803279126766644e27
7.242022334607315e20	2.2008270173369997e27
7.309099328602888e20	2.221492379196578e27
7.376797602527745e20	2.2423606786134036e27
7.445122910795128e20	2.263416278797267e27
7.514081061116993e20	2.2846519890021113e27
7.583677914997191e20	2.306087604946636e27
7.653919388230125e20	2.3277159923557882e27
7.724811451403416e20	2.349529743985999e27
7.796360130405221e20	2.3715399395041083e27
7.868571506936876e20	2.3937577925203068e27
7.94145171902934e20	2.4161759398919996e27
8.01500696156538e20	2.438786736513149e27
8.089243486805954e20	2.4616112316498628e27
8.164167604921455e20	2.484641840304424e27
8.239785684528545e20	2.507860832437384e27
8.316104153230962e20	2.5313095553569876e27
8.393129498166339e20	2.5549703674432263e27
8.47086826655742e20	2.5788351508571983e27
8.549327066268368e20	2.602926214364822e27
8.628512566366922e20	2.62723550375668e27
8.708431497690724e20	2.6517442076929803e27
8.789090653419927e20	2.676496157555779e27
8.87049688965442e20	2.7014726356299326e27
8.952657125996382e20	2.7266757803430867e27
9.035578346138957e20	2.752096962824215e27
9.119267598459298e20	2.777759903716282e27
9.203731996618192e20	2.803656041919346e27
9.288978720164517e20	2.8297653799492015e27
9.37501501514527e20	2.8561345207861304e27
9.461848194722031e20	2.882743566538918e27
9.549485639791967e20	2.909583356461751e27
9.637934799615756e20	2.936679030014485e27
9.727203192450557e20	2.9640214982120534e27
9.817298406188821e20	2.991589546341841e27
9.908228099003828e20	3.019432575339353e27
1.0e21	3.0475294759651897e27
