E	beta_pair_E	beta_pion_E	beta_rsh_E	beta_total_E
1.0e17	5.83561042724264e-21	0	7.665e-11	7.66500000058356e-11
1.011591112223834e17	7.520108454472746e-21	0	7.665e-11	7.665000000752011e-11
1.023316578330245e17	9.66459638513566e-21	0	7.665e-11	7.66500000096646e-11
1.0351779556301805e17	1.2387349688011149e-20	0	7.665e-11	7.665000001238735e-11
1.0471768194855203e17	1.5835115378427953e-20	0	7.665e-11	7.665000001583512e-11
1.0593147635183744e17	2.0189481874365397e-20	0	7.665e-11	7.665000002018948e-11
1.0715933998226712e17	2.5674560722240486e-20	0	7.665e-11	7.665000002567456e-11
1.0840143591783354e17	3.256622564653024e-20	0	7.665e-11	7.665000003256623e-11
1.09657929126781e17	4.1203195299330985e-20	0	7.665e-11	7.66500000412032e-11
1.1092898648952274e17	5.2000292899944745e-20	0	7.665e-11	7.66500000520003e-11
1.1221477682079802e17	6.54642693498526e-20	0	7.665e-11	7.665000006546428e-11
1.1351547089210037e17	8.221263713277162e-20	0	7.665e-11	7.665000008221264e-11
1.148312414543511e17	1.0299603116555841e-19	0	7.665e-11	7.665000010299603e-11
1.1616226326085066e17	1.287246906176964e-19	0	7.665e-11	7.66500001287247e-11
1.1750871309048075e17	1.604997434830463e-19	0	7.665e-11	7.665000016049974e-11
1.1887076977119082e17	1.9965007434816567e-19	0	7.665e-11	7.665000019965007e-11
1.2024861420374123e17	2.4777566638693985e-19	0	7.665e-11	7.665000024777567e-11
1.216424293857373e17	3.0679843221327066e-19	0	7.665e-11	7.665000030679843e-11
1.2305240043592616e17	3.7902168597421597e-19	0	7.665e-11	7.665000037902169e-11
1.2447871461879112e17	4.671995621555491e-19	0	7.665e-11	7.665000046719956e-11
1.2592156136941509e17	5.7461785621620115e-19	0	7.665e-11	7.665000057461785e-11
1.2738113231864837e17	7.051879496355042e-19	0	7.665e-11	7.665000070518795e-11
1.288576213185518e17	8.635556885200347e-19	0	7.665e-11	7.665000086355569e-11
1.3035122446815142e17	1.055227311891412e-18	0	7.665e-11	7.665000105522732e-11
1.3186214013947485e17	1.2867147744534158e-18	0	7.665e-11	7.665000128671478e-11
1.3339056900390642e17	1.5657030803418143e-18	0	7.665e-11	7.665000156570308e-11
1.3493671405883064e17	1.901242540352796e-18	0	7.665e-11	7.665000190124255e-11
1.3650078065460194e17	2.3039691867127844e-18	0	7.665e-11	7.665000230396919e-11
1.3808297652180923e17	2.7863569277601045e-18	0	7.665e-11	7.665000278635693e-11
1.3968351179887454e17	3.3630054011480955e-18	0	7.665e-11	7.66500033630054e-11
1.4130259905995336e17	4.050967889352257e-18	0	7.665e-11	7.665000405096789e-11
1.4294045334317669e17	4.87012409639705e-18	0	7.665e-11	7.66500048701241e-11
1.4459729217920195e17	5.843603050568453e-18	0	7.665e-11	7.665000584360305e-11
1.462733356201136e17	6.99826189523701e-18	0	7.665e-11	7.66500069982619e-11
1.479688062686396e17	8.365226859199195e-18	0	7.665e-11	7.665000836522686e-11
1.4968392930772618e17	9.980503259637889e-18	0	7.665e-11	7.665000998050326e-11
1.514189325304352e17	1.1885661984876556e-17	0	7.665e-11	7.665001188566199e-11
1.531740463702086e17	1.412861053066596e-17	0	7.665e-11	7.665001412861053e-11
1.5494950393146317e17	1.676445732221337e-17	0	7.665e-11	7.665001676445733e-11
1.5674554102056013e17	1.985647874421055e-17	0	7.665e-11	7.665001985647875e-11
1.5856239617711373e17	2.3477199021490918e-17	0	7.665e-11	7.665002347719902e-11
1.6040031070568266e17	2.7709593842813513e-17	0	7.665e-11	7.665002770959385e-11
1.622595287078087e17	3.264842939762299e-17	0	7.665e-11	7.66500326484294e-11
1.6414029711444733e17	3.8401749299077325e-17	0	7.665e-11	7.66500384017493e-11
1.6604286571875296e17	4.509252269329596e-17	0	7.665e-11	7.665004509252269e-11
1.6796748720926602e17	5.2860467702717975e-17	0	7.665e-11	7.665005286046771e-11
1.699144172034626e17	6.186406521677852e-17	0	7.665e-11	7.665006186406522e-11
1.7188391428171526e17	7.228277892339205e-17	0	7.665e-11	7.665007228277892e-11
1.7387624002162506e17	8.431949836493774e-17	0	7.665e-11	7.665008431949837e-11
1.7589165903277398e17	9.820322269972118e-17	0	7.665e-11	7.66500982032227e-11
1.7793043899185773e17	1.1419200374799025e-16	0	7.665e-11	7.665011419200374e-11
1.799928506782484e17	1.3257616779732002e-16	0	7.665e-11	7.66501325761678e-11
1.8207916800994624e17	1.53681836528003e-16	0	7.665e-11	7.665015368183653e-11
1.8418966807997184e17	1.7787476829161112e-16	0	7.665e-11	7.66501778747683e-11
1.8632463119315597e17	2.0556454182627561e-16	0	7.665e-11	7.665020556454183e-11
1.8848434090338032e17	2.372091053168601e-16	0	7.665e-11	7.665023720910532e-11
1.9066908405122518e17	2.7331971449729195e-16	0	7.665e-11	7.66502733197145e-11
1.9287915080207856e17	3.144662842420482e-16	0	7.665e-11	7.665031446628425e-11
1.9511483468466163e17	3.612831787928981e-16	0	7.665e-11	7.665036128317879e-11
1.9737643263002634e17	4.14475466412989e-16	0	7.665e-11	7.665041447546641e-11
1.9966424501097933e17	4.748256648392888e-16	0	7.665e-11	7.665047482566485e-11
2.0197857568198867e17	5.432010044158483e-16	0	7.665e-11	7.665054320100442e-11
2.0431973201952704e17	6.205612362179865e-16	0	7.665e-11	7.665062056123621e-11
2.0668802496290906e17	7.07967012822866e-16	0	7.665e-11	7.665070796701282e-11
2.09083769055575e17	8.065888696267011e-16	0	7.665e-11	7.665080658886963e-11
2.1150728248688035e17	9.177168347568528e-16	0	7.665e-11	7.665091771683475e-11
2.1395888713434214e17	1.042770695657604e-15	0	7.665e-11	7.665104277069566e-11
2.164389086064029e17	1.1833109503484822e-15	0	7.665e-11	7.665118331095036e-11
2.1894767628566208e17	1.3410504711438821e-15	0	7.665e-11	7.665134105047114e-11
2.2148552337263683e17	1.5178669082773752e-15	0	7.665e-11	7.665151786690828e-11
2.2405278693000182e17	1.7158158604063045e-15	0	7.665e-11	7.66517158158604e-11
2.266498079273702e17	1.937144838332799e-15	0	7.665e-11	7.665193714483833e-11
2.2927693128656486e17	2.18430804752748e-15	0	7.665e-11	7.665218430804752e-11
2.319345059274437e17	2.459982014084699e-15	0	7.665e-11	7.665245998201408e-11
2.3462288481422624e17	2.7670820776768595e-15	0	7.665e-11	7.665276708207768e-11
2.373424250023876e17	3.10877977381728e-15	0	7.665e-11	7.665310877977382e-11
2.4009348768606518e17	3.4885211263211463e-15	0	7.665e-11	7.665348852112632e-11
2.4287643824604605e17	3.910045869285189e-15	0	7.665e-11	7.665391004586928e-11
2.45691646298279e17	4.377407616142083e-15	0	7.665e-11	7.665437740761614e-11
2.4853948574298086e17	4.8949949914429135e-15	0	7.665e-11	7.665489499499145e-11
2.5142033481427965e17	5.4675537389158665e-15	0	7.665e-11	7.665546755373892e-11
2.5433457613046586e17	6.100209817115713e-15	0	7.665e-11	7.665610020981712e-11
2.572825967447932e17	6.798493491537658e-15	0	7.665e-11	7.665679849349154e-11
2.602647881969015e17	7.568364429514766e-15	0	7.665e-11	7.665756836442952e-11
2.63281546564802e17	8.41623780145479e-15	0	7.665e-11	7.665841623780146e-11
2.6633327251749917e17	9.349011389115307e-15	0	7.665e-11	7.665934901138912e-11
2.6942037136818822e17	1.0374093698549844e-14	0	7.665e-11	7.666037409369855e-11
2.725432531281039e17	1.1499433072225982e-14	0	7.665e-11	7.666149943307222e-11
2.7570233256095827e17	1.2733547791474378e-14	0	7.665e-11	7.666273354779147e-11
2.788980292380451e17	1.408555715705517e-14	0	7.665e-11	7.666408555715706e-11
2.8213076759394707e17	1.556521353204658e-14	0	7.665e-11	7.666556521353205e-11
2.854009769829249e17	1.718293532768794e-14	0	7.665e-11	7.666718293532769e-11
2.8870909173592346e17	1.894984090903119e-14	0	7.665e-11	7.666894984090903e-11
2.920555512182757e17	2.0877783393530006e-14	0	7.665e-11	7.667087778339354e-11
2.95440799888038e17	2.297938631176873e-14	0	7.665e-11	7.667297938631178e-11
2.988652873550395e17	2.5268080095713473e-14	0	7.665e-11	7.667526808009571e-11
3.0232946844057766e17	2.7758139355842243e-14	0	7.665e-11	7.667775813935584e-11
3.058338032378444e17	3.046472090465633e-14	0	7.665e-11	7.668046472090466e-11
3.093787571730137e17	3.3403902480013486e-14	0	7.665e-11	7.668340390248002e-11
3.1296480106707635e17	3.659272211789144e-14	0	7.665e-11	7.668659272211789e-11
3.1659241119835206e17	4.004921812015707e-14	0	7.665e-11	7.669004921812017e-11
3.2026206936576634e17	4.379246955917592e-14	0	7.665e-11	7.669379246955918e-11
3.239742629528195e17	4.7842637257147766e-14	0	7.665e-11	7.669784263725715e-11
3.277294849923395e17	5.2221005174479434e-14	0	7.665e-11	7.670222100517448e-11
3.3152823423194234e17	5.695002213770478e-14	0	7.665e-11	7.67069500221377e-11
3.353710152002943e17	6.205334383411543e-14	0	7.665e-11	7.671205334383412e-11
3.392583382740992e17	6.755587499667955e-14	0	7.665e-11	7.671755587499668e-11
3.4319071974590566e17	7.348381169977715e-14	0	7.665e-11	7.672348381169978e-11
3.4716868189265594e17	7.986468368296184e-14	0	7.665e-11	7.672986468368296e-11
3.511927530450742e17	8.672739661727607e-14	0	7.665e-11	7.673672739661727e-11
3.5526346765781395e17	9.410227422565782e-14	0	7.665e-11	7.674410227422566e-11
3.5938136638046406e17	1.0202110016671051e-13	0	7.665e-11	7.675202110016672e-11
3.635469961293318e17	1.1051715958850214e-13	0	7.665e-11	7.676051715958851e-11
3.677609101601046e17	1.196252802572772e-13	0	7.665e-11	7.676962528025728e-11
3.7202366814130656e17	1.2938187316376847e-13	0	7.665e-11	7.677938187316377e-11
3.763358362286548e17	1.3982497250856032e-13	0	7.665e-11	7.678982497250856e-11
3.806979871402284e17	1.5099427496620362e-13	0	7.665e-11	7.680099427496621e-11
3.8511070023255846e17	1.6293117812713315e-13	0	7.665e-11	7.681293117812714e-11
3.895745615775501e17	1.756788180151633e-13	0	7.665e-11	7.682567881801516e-11
3.940901640403464e17	1.8928210557830888e-13	0	7.665e-11	7.683928210557831e-11
3.986581073580439e17	2.0378776204990147e-13	0	7.665e-11	7.68537877620499e-11
4.0327899821937216e17	2.1924435307759004e-13	0	7.665e-11	7.686924435307759e-11
4.0795345034524486e17	2.3570232151754243e-13	0	7.665e-11	7.688570232151755e-11
4.126820845702969e17	2.5321401879245807e-13	0	7.665e-11	7.690321401879247e-11
4.174655289253135e17	2.718337347122253e-13	0	7.665e-11	7.692183373471222e-11
4.223044187206689e17	2.9161772565804224e-13	0	7.665e-11	7.694161772565804e-11
4.271993966306776e17	3.1262424103152985e-13	0	7.665e-11	7.696262424103153e-11
4.32151112778978e17	3.3491354787303406e-13	0	7.665e-11	7.698491354787304e-11
4.3716022482485024e17	3.585479535545054e-13	0	7.665e-11	7.700854795355451e-11
4.422273980505915e17	3.8359182645568064e-13	0	7.665e-11	7.703359182645568e-11
4.4735330544984634e17	4.101116145339408e-13	0	7.665e-11	7.706011161453394e-11
4.525386278170185e17	4.3817586170219373e-13	0	7.665e-11	7.70881758617022e-11
4.5778405383766163e17	4.678552219312214e-13	0	7.665e-11	7.711785522193122e-11
4.6309028017997555e17	4.9922247099751e-13	0	7.665e-11	7.714922247099751e-11
4.684580115873045e17	5.323525158000551e-13	0	7.665e-11	7.718235251580005e-11
4.7388796097176704e17	5.673224011748266e-13	0	7.665e-11	7.721732240117483e-11
4.793808495089107e17	6.042113141383331e-13	0	7.665e-11	7.725421131413833e-11
4.849374067335253e17	6.431005854975316e-13	0	7.665e-11	7.729310058549753e-11
4.905583706365046e17	6.840736887662457e-13	0	7.665e-11	7.733407368876624e-11
4.962444877628934e17	7.272162363348214e-13	0	7.665e-11	7.737721623633482e-11
5.0199651331100794e17	7.726159728424782e-13	0	7.665e-11	7.742261597284248e-11
5.0781521123276915e17	8.203627657091161e-13	0	7.665e-11	7.747036276570912e-11
5.137013543351339e17	8.705485927863152e-13	0	7.665e-11	7.752054859278632e-11
5.196557243827679e17	9.232675270946248e-13	0	7.665e-11	7.757326752709462e-11
5.256791122018419e17	9.78615718617532e-13	0	7.665e-11	7.762861571861753e-11
5.317723177850988e17	1.0366913731301842e-12	0	7.665e-11	7.768669137313019e-11
5.3793615039806976e17	1.0975947280441564e-12	0	7.665e-11	7.774759472804416e-11
5.44171428686591e17	1.1614280252576166e-12	0	7.665e-11	7.781142802525762e-11
5.5047898078549677e17	1.2282954810033313e-12	0	7.665e-11	7.787829548100333e-11
5.5685964442864314e17	1.2983032526952871e-12	0	7.665e-11	7.794830325269528e-11
5.633142670601352e17	1.371559402777611e-12	0	7.665e-11	7.802155940277762e-11
5.69843705946916e17	1.4481738595880604e-12	0	7.665e-11	7.809817385958807e-11
5.764488282925873e17	1.5282583752509327e-12	0	7.665e-11	7.817825837525094e-11
5.831305113526243e17	1.611926480623108e-12	0	7.665e-11	7.826192648062311e-11
5.898896425508493e17	1.6992934373190763e-12	0	7.665e-11	7.834929343731907e-11
5.967271195973335e17	1.7904761868479265e-12	0	7.665e-11	7.844047618684793e-11
6.036438506075864e17	1.8855932969095564e-12	0	7.665e-11	7.853559329690956e-11
6.106407542232061e17	1.98476490487551e-12	0	7.665e-11	7.863476490487552e-11
6.177187597338488e17	2.088112658508573e-12	0	7.665e-11	7.873811265850857e-11
6.248788072006913e17	2.195759654010425e-12	0	7.665e-11	7.884575965401042e-11
6.321218475812448e17	2.307830371394148e-12	0	7.665e-11	7.895783037139415e-11
6.394488428556963e17	2.424450607294628e-12	0	7.665e-11	7.907445060729463e-11
6.468607661546321e17	2.545747405264752e-12	0	7.665e-11	7.919574740526475e-11
6.543586018883256e17	2.6718489836358145e-12	0	7.665e-11	7.932184898363581e-11
6.619433458774388e17	2.8028846610168233e-12	0	7.665e-11	7.945288466101682e-11
6.696160054853243e17	2.9389847795168888e-12	0	7.665e-11	7.958898477951689e-11
6.773775997517745e17	3.0802806257732574e-12	0	7.665e-11	7.973028062577326e-11
6.852291595284086e17	3.2269043498769896e-12	0	7.665e-11	7.987690434987699e-11
6.9317172761554e17	3.3789888822859624e-12	0	7.665e-11	8.002898888228597e-11
7.012063589007205e17	3.536667848824271e-12	0	7.665e-11	8.018666784882428e-11
7.09334120498799e17	3.700075483863801e-12	0	7.665e-11	8.035007548386381e-11
7.175560918936951e17	3.869346541793386e-12	0	7.665e-11	8.051934654179338e-11
7.258733650817245e17	4.0446162068765475e-12	0	7.665e-11	8.069461620687655e-11
7.342870447166788e17	4.2260200016085636e-12	0	7.665e-11	8.087602000160857e-11
7.427982482564911e17	4.413693693678252e-12	0	7.665e-11	8.106369369367826e-11
7.514081061116993e17	4.60777320164961e-12	0	7.665e-11	8.125777320164961e-11
7.601177617955323e17	4.808394499472232e-12	0	7.665e-11	8.145839449947223e-11
7.689283720758337e17	5.015693519938952e-12	0	7.665e-11	8.166569351993896e-11
7.778411071286482e17	5.229806057202286e-12	0	7.665e-11	8.187980605720229e-11
7.868571506936876e17	5.450867668470773e-12	0	7.665e-11	8.210086766847077e-11
7.959777002314977e17	5.679013574998041e-12	0	7.665e-11	8.232901357499804e-11
8.052039670825503e17	5.914378562487727e-12	0	7.665e-11	8.256437856248773e-11
8.145371766280737e17	6.157096881027528e-12	0	7.665e-11	8.280709688102752e-11
8.239785684528545e17	6.407302144676271e-12	0	7.665e-11	8.305730214467627e-11
8.335293965098188e17	6.665127230817132e-12	0	7.665e-11	8.331512723081714e-11
8.431909292866286e17	6.930704179400807e-12	0	7.665e-11	8.358070417940081e-11
8.529644499741016e17	7.20416409219054e-12	0	7.665e-11	8.385416409219055e-11
8.628512566366922e17	7.485637032131992e-12	0	7.665e-11	8.4135637032132e-11
8.728526623848371e17	7.775251922957876e-12	0	7.665e-11	8.442525192295788e-11
8.829699955494118e17	8.073136449148754e-12	0	7.665e-11	8.472313644914875e-11
8.932045998580959e17	8.379416956357027e-12	0	7.665e-11	8.502941695635703e-11
9.035578346138958e17	8.694218352413148e-12	0	7.665e-11	8.534421835241314e-11
9.140310748756223e17	9.01766400901773e-12	0	7.665e-11	8.566766400901774e-11
9.246257116405772e17	9.349875664235335e-12	0	7.665e-11	8.599987566423534e-11
9.353431520292376e17	9.690973325889482e-12	0	7.665e-11	8.634097332588949e-11
9.461848194722031e17	1.004107517597103e-11	0	7.665e-11	8.669107517597104e-11
9.571521538991855e17	1.04002974761545e-11	0	7.665e-11	8.705029747615451e-11
9.682466119303154e17	1.0768754474530384e-11	0	7.665e-11	8.741875447453038e-11
9.794696670695386e17	1.1146558313642433e-11	0	7.665e-11	8.779655831364243e-11
9.908228099003828e17	1.1533818939933377e-11	0	7.665e-11	8.818381893993338e-11
1.0023075482838643e18	1.1930644014681974e-11	0	7.665e-11	8.858064401468198e-11
1.0139254075588184e18	1.233713882652962e-11	0	7.665e-11	8.898713882652962e-11
1.0256779307444209e18	1.2753406205673178e-11	0	7.665e-11	8.940340620567318e-11
1.0375666787451891e18	1.3179546439816342e-11	0	7.665e-11	8.982954643981635e-11
1.0495932305582266e18	1.361565719194965e-11	0	7.665e-11	9.026565719194965e-11
1.0617591834830034e18	1.4061833420045295e-11	0	7.665e-11	9.07118334200453e-11
1.0740661533334323e18	1.4518167226767198e-11	0	7.665e-11	9.11681672267672e-11
1.0865157746525417e18	1.4984748137364524e-11	0	7.665e-11	9.163474813736453e-11
1.0991097009294962e18	1.5461662218178978e-11	0	7.665e-11	9.211166221817898e-11
1.1118496048192744e18	1.5948993101106025e-11	0	7.665e-11	9.259899310110603e-11
1.1247371783647508e18	1.644682099893277e-11	0	7.665e-11	9.309682099893277e-11
1.1377741332214949e18	1.695522314342212e-11	0	7.665e-11	9.360522314342212e-11
1.1509622008850312e18	1.7474273348465992e-11	0	7.665e-11	9.4124273348466e-11
1.1643031329208804e18	1.8004042351519736e-11	0	7.665e-11	9.465404235151973e-11
1.177798701197118e18	1.8544597498134694e-11	0	7.665e-11	9.51945974981347e-11
1.1914506981197796e18	1.9096002613651456e-11	0	7.665e-11	9.574600261365146e-11
1.2052609368708413e18	1.9658318441667477e-11	0	7.665e-11	9.630831844166748e-11
1.2192312516491144e18	2.0231601889942477e-11	0	7.665e-11	9.688160188994248e-11
1.2333634979137746e18	2.0815906531826854e-11	0	7.665e-11	9.746590653182686e-11
1.2476595526308736e18	2.1411282047801146e-11	0	7.665e-11	9.806128204780115e-11
1.2621213145225462e18	2.2017774756420083e-11	0	7.665e-11	9.866777475642008e-11
1.2767507043192696e18	2.263542720632163e-11	0	7.665e-11	9.928542720632163e-11
1.2915496650148828e18	2.3264278096180885e-11	0	7.665e-11	9.991427809618089e-11
1.3065201621247252e18	2.3904362720807406e-11	0	7.665e-11	1.0055436272080741e-10
1.3216641839466038e18	2.4555712247014772e-11	0	7.665e-11	1.0120571224701478e-10
1.3369837418249508e18	2.5218354120629795e-11	0	7.665e-11	1.0186835412062979e-10
1.352480870417874e18	2.5892312063273834e-11	0	7.665e-11	1.0254231206327384e-10
1.3681576279674762e18	2.6577605547819874e-11	0	7.665e-11	1.0322760554781987e-10
1.3840160965731302e18	2.727425048692025e-11	0	7.665e-11	1.0392425048692025e-10
1.400058382468102e18	2.7982258757241718e-11	0	7.665e-11	1.0463225875724172e-10
1.4162866162991974e18	2.870163828967443e-11	0	7.665e-11	1.0535163828967443e-10
1.4327029534098353e18	2.943239289205321e-11	0	7.665e-11	1.060823928920532e-10
1.4493095741262152e18	3.0174522850160586e-11	0	7.665e-11	1.0682452285016058e-10
1.466108684046989e18	3.0928024034327666e-11	0	7.665e-11	1.0757802403432766e-10
1.483102514336103e18	3.16928884551146e-11	0	7.665e-11	1.083428884551146e-10
1.5002933220192228e18	3.246910412147008e-11	0	7.665e-11	1.0911910412147008e-10
1.5176833902834038e18	3.325665521942687e-11	0	7.665e-11	1.0990665521942687e-10
1.5352750287804275e18	3.405552141210221e-11	0	7.665e-11	1.1070552141210221e-10
1.5530705739334584e18	3.486567884643994e-11	0	7.665e-11	1.1151567884643994e-10
1.5710723892474552e18	3.568709951142705e-11	0	7.665e-11	1.1233709951142705e-10
1.5892828656229763e18	3.6519751399002904e-11	0	7.665e-11	1.131697513990029e-10
1.6077044216738286e18	3.736359831422073e-11	0	7.665e-11	1.1401359831422074e-10
1.6263395040481905e18	3.82186006438809e-11	0	7.665e-11	1.1486860064388091e-10
1.6451905877536676e18	3.908471427293841e-11	0	7.665e-11	1.1573471427293842e-10
1.6642601764859018e18	3.996189130288856e-11	0	7.665e-11	1.1661189130288855e-10
1.6835508029612076e18	4.085007989768886e-11	0	7.665e-11	1.1750007989768888e-10
1.7030650292528425e18	4.17492243017426e-11	0	7.665e-11	1.183992243017426e-10
1.7228054471313992e18	4.265926509133969e-11	0	7.665e-11	1.193092650913397e-10
1.7427746784089172e18	4.358013830380662e-11	0	7.665e-11	1.202301383038066e-10
1.762975375287211e18	4.451177675398099e-11	0	7.665e-11	1.2116177675398099e-10
1.7834102207100063e18	4.5454109225931914e-11	0	7.665e-11	1.221041092259319e-10
1.8040819287193884e18	4.640706070189285e-11	0	7.665e-11	1.2305706070189286e-10
1.8249932448161505e18	4.737055239101544e-11	0	7.665e-11	1.2402055239101545e-10
1.8461469463245532e18	4.834450150637633e-11	0	7.665e-11	1.2499450150637633e-10
1.8675458427610742e18	4.932882227714295e-11	0	7.665e-11	1.2597882227714295e-10
1.889192776207672e18	5.0323424558194873e-11	0	7.665e-11	1.2697342455819488e-10
1.9110906216891359e18	5.1328214785822314e-11	0	7.665e-11	1.2797821478582233e-10
1.9332422875550513e18	5.234309579086053e-11	0	7.665e-11	1.2899309579086053e-10
1.9556507158659471e18	5.336796683674481e-11	0	7.665e-11	1.3001796683674482e-10
1.9783188827841702e18	5.440272365902209e-11	0	7.665e-11	1.310527236590221e-10
2.001249798969035e18	5.5447258796679614e-11	0	7.665e-11	1.3209725879667962e-10
2.02444650997681e18	5.6501460507153276e-11	0	7.665e-11	1.3315146050715326e-10
2.0479120966650834e18	5.7565214453050606e-11	0	7.665e-11	1.3421521445305061e-10
2.0716496756020754e18	5.863840268189718e-11	0	7.665e-11	1.352884026818972e-10
2.0956623994804308e18	5.972090393190099e-11	0	7.665e-11	1.3637090393190098e-10
2.1199534575360776e18	6.081259343022091e-11	0	7.665e-11	1.3746259343022093e-10
2.1445260759716654e18	6.191334391326412e-11	0	7.665e-11	1.3856334391326412e-10
2.169383518385191e18	6.302302425891227e-11	0	7.665e-11	1.3967302425891227e-10
2.1945290862033114e18	6.414150045994726e-11	0	7.665e-11	1.4079150045994726e-10
2.2199661191199616e18	6.52686354526695e-11	0	7.665e-11	1.419186354526695e-10
2.2456979955397716e18	6.64042893776084e-11	0	7.665e-11	1.430542893776084e-10
2.271728133026912e18	6.754831883218672e-11	0	7.665e-11	1.441983188321867e-10
2.2980599887588488e18	6.870057810400644e-11	0	7.665e-11	1.4535057810400644e-10
2.324697059985655e18	6.98609184644091e-11	0	7.665e-11	1.465109184644091e-10
2.351642884494346e18	7.102918841575144e-11	0	7.665e-11	1.4767918841575144e-10
2.3789010410789007e18	7.220523375319782e-11	0	7.665e-11	1.488552337531978e-10
2.406475150015422e18	7.338889762796013e-11	0	7.665e-11	1.5003889762796012e-10
2.434368873543118e18	7.458002061202782e-11	0	7.665e-11	1.5123002061202782e-10
2.4625859163505444e18	7.577844076437213e-11	0	7.665e-11	1.5242844076437213e-10
2.491130026067796e18	7.698399369866382e-11	0	7.665e-11	1.5363399369866382e-10
2.5200049937640893e18	7.819651265248535e-11	0	7.665e-11	1.5484651265248536e-10
2.549214654451431e18	7.941582828541266e-11	0	7.665e-11	1.5606582828541268e-10
2.578762887593798e18	8.064177011459729e-11	0	7.665e-11	1.572917701145973e-10
2.608653617622556e18	8.187416386180871e-11	0	7.665e-11	1.585241638618087e-10
2.638890814457508e18	8.311283425551005e-11	0	7.665e-11	1.5976283425551004e-10
2.669478494034329e18	8.435760374423289e-11	0	7.665e-11	1.610076037442329e-10
2.7004207188377697e18	8.560829284754472e-11	0	7.665e-11	1.6225829284754473e-10
2.7317215984413844e18	8.686472023581427e-11	0	7.665e-11	1.6351472023581427e-10
2.763385290053167e18	8.812670234620934e-11	0	7.665e-11	1.6477670234620936e-10
2.795415999067865e18	8.939405529175937e-11	0	7.665e-11	1.6604405529175937e-10
2.8278179796253384e18	9.066659225538947e-11	0	7.665e-11	1.6731659225538948e-10
2.8605955351757507e18	9.19441253366701e-11	0	7.665e-11	1.6859412533667011e-10
2.8937530190509476e18	9.3226465205785e-11	0	7.665e-11	1.6987646520578502e-10
2.927294835042825e18	9.451342119140208e-11	0	7.665e-11	1.7116342119140208e-10
2.9612254379880315e18	9.580480136969628e-11	0	7.665e-11	1.7245480136969629e-10
2.9955493343598223e18	9.710041265448251e-11	0	7.665e-11	1.7375041265448252e-10
3.030271082866393e18	9.840006088835138e-11	0	7.665e-11	1.7505006088835138e-10
3.065395295056536e18	9.970355093475182e-11	0	7.665e-11	1.7635355093475182e-10
3.1009266359319235e18	1.0101068677089991e-10	0	7.665e-11	1.776606867708999e-10
3.136869824566886e18	1.0232127158144426e-10	0	7.665e-11	1.7897127158144425e-10
3.173229634734973e18	1.0363510785275421e-10	0	7.665e-11	1.802851078527542e-10
3.2100108955431813e18	1.049519974677497e-10	0	7.665e-11	1.816019974677497e-10
3.2472184920731254e18	1.0627174236915757e-10	0	7.665e-11	1.8292174236915759e-10
3.284857366030054e18	1.0759414241536093e-10	0	7.665e-11	1.8424414241536094e-10
3.3229325163989683e18	1.0891899878811952e-10	0	7.665e-11	1.855689987881195e-10
3.3614490001087754e18	1.1024611191111078e-10	0	7.665e-11	1.8689611191111078e-10
3.4004119327037025e18	1.115752820823075e-10	0	7.665e-11	1.882252820823075e-10
3.439826489022935e18	1.1290630956935017e-10	0	7.665e-11	1.8955630956935017e-10
3.479697903887688e18	1.142389947045204e-10	0	7.665e-11	1.908889947045204e-10
3.52003147279669e18	1.155731379792026e-10	0	7.665e-11	1.9222313797920258e-10
3.560832552629274e18	1.16908540137659e-10	0	7.665e-11	1.93558540137659e-10
3.602106562357081e18	1.1824500227000354e-10	0	7.665e-11	1.9489500227000356e-10
3.6438589837635405e18	1.1958232590419783e-10	0	7.665e-11	1.9623232590419782e-10
3.686095362172169e18	1.2092031309695624e-10	0	7.665e-11	1.9757031309695626e-10
3.72882130718283e18	1.2225876652338486e-10	0	7.665e-11	1.9890876652338485e-10
3.772042493417009e18	1.2359748956524315e-10	0	7.665e-11	2.0024748956524317e-10
3.815764661271245e18	1.2493628639766007e-10	0	7.665e-11	2.0158628639766006e-10
3.859993617679779e18	1.262749620741974e-10	0	7.665e-11	2.029249620741974e-10
3.9047352368855557e18	1.276133226100996e-10	0	7.665e-11	2.042633226100996e-10
3.949995461220655e18	1.289511750636317e-10	0	7.665e-11	2.056011750636317e-10
3.9957803018952653e18	1.3028832761535451e-10	0	7.665e-11	2.0693832761535453e-10
4.042095839796318e18	1.3162458895316693e-10	0	7.665e-11	2.0827458895316692e-10
4.088948226294856e18	1.3295977108870217e-10	0	7.665e-11	2.0960977108870216e-10
4.1363436840632863e18	1.3429368535716827e-10	0	7.665e-11	2.109436853571683e-10
4.184288507901576e18	1.3562614517623483e-10	0	7.665e-11	2.1227614517623482e-10
4.232789065573562e18	1.3695696544769391e-10	0	7.665e-11	2.136069654476939e-10
4.281851798652407e18	1.382859626222233e-10	0	7.665e-11	2.1493596262222332e-10
4.3314832233764116e18	1.3961295476144445e-10	0	7.665e-11	2.1626295476144444e-10
4.3816899315141857e18	1.409377615971791e-10	0	7.665e-11	2.1758776159717908e-10
4.4324785912404096e18	1.4226020458788114e-10	0	7.665e-11	2.1891020458788115e-10
4.4838559480211814e18	1.4358010697216413e-10	0	7.665e-11	2.2023010697216415e-10
4.5358288255102003e18	1.4489729381941684e-10	0	7.665e-11	2.2154729381941683e-10
4.588404126454752e18	1.4621159207744804e-10	0	7.665e-11	2.2286159207744802e-10
4.641588833612792e18	1.4752283061716994e-10	0	7.665e-11	2.2417283061716995e-10
4.695390010680053e18	1.4883084027427883e-10	0	7.665e-11	2.2548084027427882e-10
4.749814803228514e18	1.5013545388796023e-10	0	7.665e-11	2.2678545388796022e-10
4.804870439655124e18	1.5143650633659616e-10	0	7.665e-11	2.2808650633659615e-10
4.860564232142149e18	1.5273383457051746e-10	0	7.665e-11	2.2938383457051745e-10
4.916903577628021e18	1.5402727764179696e-10	0	7.665e-11	2.3067727764179695e-10
4.973895958790077e18	1.5531667673114257e-10	0	7.665e-11	2.3196667673114256e-10
5.031548945038046e18	1.566018751719017e-10	0	7.665e-11	2.332518751719017e-10
5.089870193519695e18	1.5788271847125196e-10	0	7.665e-11	2.34532718471252e-10
5.148867450137487e18	1.591590549828335e-10	0	7.665e-11	2.358090549828335e-10
5.208548550577676e18	1.604307333205255e-10	0	7.665e-11	2.370807333205255e-10
5.268921421350666e18	1.6169760625184832e-10	0	7.665e-11	2.383476062518483e-10
5.329994080844104e18	1.6295952743756817e-10	0	7.665e-11	2.3960952743756816e-10
5.391774640387494e18	1.6421635486010985e-10	0	7.665e-11	2.4086635486010986e-10
5.454271305329847e18	1.6546794667960114e-10	0	7.665e-11	2.421179466796011e-10
5.517492376129117e18	1.6671416398855742e-10	0	7.665e-11	2.4336416398855743e-10
5.581446249454978e18	1.679548701287828e-10	0	7.665e-11	2.446048701287828e-10
5.646141419303662e18	1.6918993069024646e-10	0	7.665e-11	2.4583993069024644e-10
5.711586478126447e18	1.7041921350793819e-10	0	7.665e-11	2.470692135079382e-10
5.777790117970495e18	1.7164258865677283e-10	0	7.665e-11	2.482925886567728e-10
5.84476113163365e18	1.7285992844467955e-10	0	7.665e-11	2.4950992844467954e-10
5.912508413831869e18	1.740711074039487e-10	0	7.665e-11	2.507211074039487e-10
5.981040962380957e18	1.752760022809736e-10	0	7.665e-11	2.519260022809736e-10
6.050367879391212e18	1.764744920244651e-10	0	7.665e-11	2.531244920244651e-10
6.120498372476715e18	1.7766645777227232e-10	0	7.665e-11	2.5431645777227233e-10
6.191441755977834e18	1.7885178283689256e-10	0	7.665e-11	2.5550178283689254e-10
6.263207452198705e18	1.8003035268979945e-10	0	7.665e-11	2.5668035268979944e-10
6.335804992658242e18	1.812020549446711e-10	0	7.665e-11	2.5785205494467113e-10
6.40924401935647e18	1.8236677933964757e-10	0	7.665e-11	2.590167793396476e-10
6.483534286054714e18	1.8352441771869286e-10	0	7.665e-11	2.601744177186929e-10
6.558685659571449e18	1.8467486401218916e-10	0	7.665e-11	2.613248640121892e-10
6.634708121092337e18	1.8581801421683267e-10	0	7.665e-11	2.6246801421683266e-10
6.711611767496301e18	1.869537673266225e-10	0	7.665e-11	2.636037673266225e-10
6.789406812696099e18	1.8808202055333566e-10	0	7.665e-11	2.647320205533357e-10
6.868103588995322e18	1.8920267882161445e-10	0	7.665e-11	2.6585267882161444e-10
6.947712548460226e18	1.9031564523037723e-10	0	7.665e-11	2.6696564523037724e-10
7.028244264308367e18	1.9142082578900742e-10	0	7.665e-11	2.680708257890074e-10
7.109709432312424e18	1.9251812844336633e-10	0	7.665e-11	2.6916812844336634e-10
7.192118872221208e18	1.9360746305339958e-10	0	7.665e-11	2.7025746305339957e-10
7.275483529196217e18	1.9468874137071249e-10	0	7.665e-11	2.713387413707125e-10
7.359814475265786e18	1.9576187701621075e-10	0	7.665e-11	2.7241187701621073e-10
7.445122910795128e18	1.9682678545783923e-10	0	7.665e-11	2.734767854578392e-10
7.531420165974391e18	1.9788338398850662e-10	0	7.665e-11	2.745333839885066e-10
7.618717702322984e18	1.9893159170422156e-10	0	7.665e-11	2.7558159170422155e-10
7.707027114212319e18	1.9997132948251755e-10	0	7.665e-11	2.7662132948251757e-10
7.796360130405221e18	2.010025199611873e-10	0	7.665e-11	2.776525199611873e-10
7.886728615614172e18	2.0202508751739205e-10	0	7.665e-11	2.7867508751739204e-10
7.978144572076613e18	2.0303895824716109e-10	0	7.665e-11	2.796889582471611e-10
8.070620141149524e18	2.0404406100569264e-10	0	7.665e-11	2.8069406100569263e-10
8.164167604921456e18	2.050403231498431e-10	0	7.665e-11	2.816903231498431e-10
8.258799387844289e18	2.0602767687024313e-10	0	7.665e-11	2.8267767687024315e-10
8.354528058382854e18	2.070060549425857e-10	0	7.665e-11	2.836560549425857e-10
8.451366330684739e18	2.0797539176603102e-10	0	7.665e-11	2.8462539176603104e-10
8.549327066268367e18	2.0893562334569136e-10	0	7.665e-11	2.8558562334569135e-10
8.648423275731744e18	2.0988668727568492e-10	0	7.665e-11	2.865366872756849e-10
8.748668120479897e18	2.1082852272274854e-10	0	7.665e-11	2.8747852272274853e-10
8.850074914473457e18	2.1176107041043535e-10	0	7.665e-11	2.8841107041043534e-10
8.952657125996382e18	2.1268427260387692e-10	0	7.665e-11	2.893342726038769e-10
9.056428379445313e18	2.135980730951353e-10	0	7.665e-11	2.902480730951353e-10
9.161402457138503e18	2.145024171891177e-10	0	7.665e-11	2.911524171891177e-10
9.267593301146903e18	2.1539725169007116e-10	0	7.665e-11	2.9204725169007117e-10
9.375015015145271e18	2.1628252488862905e-10	0	7.665e-11	2.9293252488862904e-10
9.483681866285947e18	2.171581865494214e-10	0	7.665e-11	2.938081865494214e-10
9.593608287093127e18	2.1802418789921577e-10	0	7.665e-11	2.946741878992158e-10
9.704808877380327e18	2.1888048161559728e-10	0	7.665e-11	2.955304816155973e-10
9.81729840618882e18	2.1972702181615205e-10	0	7.665e-11	2.9637702181615204e-10
9.931091813749821e18	2.205637640481581e-10	0	7.665e-11	2.972137640481581e-10
1.004620421346811e19	2.2139066421410797e-10	9.588468293161227e-23	7.665e-11	2.9804066421420386e-10
1.0162650893929972e19	2.2220768282400095e-10	1.4795421124639267e-22	7.665e-11	2.9885768282414893e-10
1.0280447320933077e19	2.230147796476722e-10	2.271109374039284e-22	7.665e-11	2.996647796478993e-10
1.0399609139541223e19	2.238119137373762e-10	3.468226403246584e-22	7.665e-11	3.00461913737723e-10
1.0520152176161569e19	2.2459904871176793e-10	5.26940102542008e-22	7.665e-11	3.012490487122949e-10
1.0642092440647268e19	2.2537614850516592e-10	7.965718220973626e-22	7.665e-11	3.020261485059625e-10
1.0765446128423137e19	2.261431784217369e-10	1.1981844213878115e-21	7.665e-11	3.027931784229351e-10
1.0890229622637328e19	2.2690010409123773e-10	1.7934212677544473e-21	7.665e-11	3.0355010409303115e-10
1.1016459496336546e19	2.2764689561567062e-10	2.6713172787313136e-21	7.665e-11	3.0429689561834196e-10
1.1144152514667905e19	2.2838352132570177e-10	3.959838312602052e-21	7.665e-11	3.050335213296616e-10
1.1273325637104849e19	2.2910995193713104e-10	5.842009912490675e-21	7.665e-11	3.0575995194297304e-10
1.1403996019700355e19	2.2982615950315472e-10	8.578349602114497e-21	7.665e-11	3.064761595117331e-10
1.153618101736476e19	2.305321174086126e-10	1.2537914304739733e-20	7.665e-11	3.071821174211505e-10
1.1669898186171498e19	2.3122780036443265e-10	1.8241064382178763e-20	7.665e-11	3.078778003826737e-10
1.1805165285688031e19	2.3191318440223532e-10	2.641808499609627e-20	7.665e-11	3.085631844286534e-10
1.194200028133535e19	2.3258824686908745e-10	3.808916572071575e-20	7.665e-11	3.092382469071766e-10
1.2080421346773264e19	2.3325296642237224e-10	5.467301080629705e-20	7.665e-11	3.0990296647704525e-10
1.2220446866314912e19	2.339073230247645e-10	7.813364804656602e-20	7.665e-11	3.1055732310289816e-10
1.2362095437367667e19	2.3455129793927827e-10	1.1117796418605585e-19	7.665e-11	3.1120129805045624e-10
1.250538587290394e19	2.351848737243767e-10	1.57520292817699e-19	7.665e-11	3.11834873881897e-10
1.2650337203959011e19	2.3580803422911437e-10	2.2223523031831633e-19	7.665e-11	3.124580344513496e-10
1.2796968682159442e19	2.364207645883012e-10	3.122260178157649e-19	7.665e-11	3.130707649005272e-10
1.2945299782279133e19	2.37023051217661e-10	4.368436203443528e-19	7.665e-11	3.1367305165450464e-10
1.3095350204826704e19	2.37614881808974e-10	6.087014428623863e-19	7.665e-11	3.142648824176754e-10
1.3247139878661149e19	2.3819624532517745e-10	8.447429095114521e-19	7.665e-11	3.1484624616992034e-10
1.3400688963639534e19	2.387671329125737e-10	1.1676344513045323e-18	7.665e-11	3.1541713408020813e-10
1.3556017853293662e19	2.3932753421890686e-10	1.6075754575111934e-18	7.665e-11	3.1597753582648233e-10
1.3713147177539484e19	2.398774420154263e-10	2.2046402275399962e-18	7.665e-11	3.1652744422006653e-10
1.3872097805416182e19	2.4041685210890076e-10	3.0117958311918325e-18	7.665e-11	3.170668551206966e-10
1.403289084785876e19	2.4094575883330436e-10	4.098775120260939e-18	7.665e-11	3.1759576293207946e-10
1.4195547660500986e19	2.4146415867160257e-10	5.557027183717821e-18	7.665e-11	3.181141642286297e-10
1.4360089846512636e19	2.4197204934129667e-10	7.506019748576902e-18	7.665e-11	3.186220568473164e-10
1.4526539259467782e19	2.424694297886912e-10	1.0101231062453492e-17	7.665e-11	3.191194398899223e-10
1.4694918006248202e19	2.4295630018300773e-10	1.3544244554012933e-17	7.665e-11	3.1960631372725226e-10
1.486524844997854e19	2.434326619103257e-10	1.809545021548124e-17	7.665e-11	3.2008268000577593e-10
1.5037553212997415e19	2.438985175673501e-10	2.408996462922392e-17	7.665e-11	3.2054854165731473e-10
1.5211855179861017e19	2.4435387095499006e-10	3.195750960841582e-17	7.665e-11	3.2100390291249966e-10
1.5388177500383494e19	2.447987270717506e-10	4.224714059720676e-17	7.665e-11	3.2144876931889117e-10
1.5566543592710588e19	2.4523309210691913e-10	5.565789366384892e-17	7.665e-11	3.2188314776481276e-10
1.57469771464309e19	2.456569734335548e-10	7.307662784749139e-17	7.665e-11	3.2230704651018263e-10
1.5929502125721197e19	2.460703796012622e-10	9.562458185371954e-17	7.665e-11	3.2272047522584403e-10
1.6114142772530231e19	2.464733203287573e-10	1.2471444504897335e-16	7.665e-11	3.231234450432023e-10
1.6300923609797378e19	2.4686580649621124e-10	1.6212006712252507e-16	7.665e-11	3.2351596861627834e-10
1.6489869444710683e19	2.4724785013738016e-10	2.1006130373056813e-16	7.665e-11	3.238980601986839e-10
1.6681005372000557e19	2.4761946443150597e-10	2.7130692225535464e-16	7.665e-11	3.2426973573842823e-10
1.6874356777273793e19	2.479806636950008e-10	3.4929897810652903e-16	7.665e-11	3.246310129939789e-10
1.7069949340384045e19	2.483314633728999e-10	4.483026235522837e-16	7.665e-11	3.2498191167552343e-10
1.7267809038843595e19	2.4867188003009514e-10	5.735859338332444e-16	7.665e-11	3.2532245361602897e-10
1.7467962151272421e19	2.490019313423387e-10	7.316350352570216e-16	7.665e-11	3.2565266297737397e-10
1.7670435260889502e19	2.4932163608702634e-10	9.304106030553432e-16	7.665e-11	3.259725664976294e-10
1.7875255259042318e19	2.496310141337525e-10	1.1796526687886998e-15	7.665e-11	3.262821937864213e-10
1.8082449348779555e19	2.499300864346492e-10	1.4912416435484017e-15	7.665e-11	3.2658157767629273e-10
1.8292045048462901e19	2.5021887501449985e-10	1.8796245292117843e-15	7.665e-11	3.2687075463902906e-10
1.850407019542306e19	2.504974029606405e-10	2.362316460117387e-15	7.665e-11	3.2714976527710064e-10
1.8718552949655753e19	2.507656944126418e-10	2.9604889954877995e-15	7.665e-11	3.2741865490163726e-10
1.893552179756299e19	2.5102377455178535e-10	3.699657971646162e-15	7.665e-11	3.27677474209757e-10
1.915500555573524e19	2.512716695903267e-10	4.610485224210363e-15	7.665e-11	3.279262800755509e-10
1.937703337477993e19	2.5150940676056044e-10	5.72971010448664e-15	7.665e-11	3.2816513647066494e-10
1.960163474319182e19	2.5173701430368085e-10	7.101228439968187e-15	7.665e-11	3.283941155321208e-10
1.9828839491270754e19	2.5195452145845323e-10	8.77733842339673e-15	7.665e-11	3.2861329879687664e-10
2.0058677795082297e19	2.5216195966676045e-10	1.0820174853226955e-14	7.665e-11	3.2882277984161366e-10
2.0291180180466823e19	2.523593576763861e-10	1.330335518367498e-14	7.665e-11	3.290226610315698e-10
2.052637752709248e19	2.5254674888334874e-10	1.6313862965153932e-14	7.665e-11	3.292130627463139e-10
2.076430107255779e19	2.527241652339614e-10	1.9954196454081187e-14	7.665e-11	3.2939411943041546e-10
2.100498241653911e19	2.5289164312671274e-10	2.4344812429690186e-14	7.665e-11	3.295659879391424e-10
2.124845352498887e19	2.5304921635484987e-10	2.962689755742466e-14	7.665e-11	3.297288432524073e-10
2.149474673437976e19	2.5319692080757214e-10	3.5965501962623145e-14	7.665e-11	3.2988288630953473e-10
2.1743894756000846e19	2.53334793274655e-10	4.3553072001531965e-14	7.665e-11	3.300283463466565e-10
2.1995930680300704e19	2.5346287143347147e-10	5.261342151175563e-14	7.665e-11	3.301654848549832e-10
2.2250887981283738e19	2.5358119490237875e-10	6.340618306222252e-14	7.665e-11	3.3029460108544095e-10
2.2508800520954573e19	2.5368980094673516e-10	7.623178286979152e-14	7.665e-11	3.3041603272960496e-10
2.2769702553816846e19	2.5378873091115396e-10	9.143698507147612e-14	7.665e-11	3.305301678962254e-10
2.3033628731421266e19	2.538780258928718e-10	1.0942105289809409e-13	7.665e-11	3.3063744694576987e-10
2.3300614106969293e19	2.5395772781071574e-10	1.3064257594815687e-13	7.665e-11	3.307383703866639e-10
2.357069413996723e19	2.54027879391541e-10	1.5562701416501633e-13	7.665e-11	3.30833506405706e-10
2.3843904700937253e19	2.5408852415657474e-10	1.849750102337745e-13	7.665e-11	3.309234991668085e-10
2.412028207618002e19	2.5413970640766845e-10	2.1937152288837322e-13	7.665e-11	3.310090779305568e-10
2.4399862972595552e19	2.541814712134676e-10	2.595958340106501e-13	7.665e-11	3.310910670474782e-10
2.4682684522556875e19	2.542138643955044e-10	3.065324823608817e-13	7.665e-11	3.311703968778653e-10
2.4968784288843317e19	2.542369325142221e-10	3.6118317626201286e-13	7.665e-11	3.312481156904841e-10
2.5258200269627793e19	2.5425072285493445e-10	4.246797365161347e-13	7.665e-11	3.313254025914506e-10
2.555097090352512e19	2.5425528341373114e-10	4.982981192249655e-13	7.665e-11	3.314035815329561e-10
2.5847135074695586e19	2.5425066288333207e-10	5.834735659670161e-13	7.665e-11	3.3148413644929906e-10
2.6146732118010974e19	2.5423691063889893e-10	6.818169259240189e-13	7.665e-11	3.3156872756482293e-10
2.6449801824277144e19	2.542140767238112e-10	7.951321910033175e-13	7.665e-11	3.3165920891481453e-10
2.6756384445520507e19	2.541822118354113e-10	9.2543528075461e-13	7.665e-11	3.317576471161659e-10
2.7066520700332356e19	2.541413673106586e-10	1.0749741088903144e-12	7.665e-11	3.3186634141954894e-10
2.7380251779278635e19	2.5409159511217207e-10	1.2462499574884366e-12	7.665e-11	3.3198784506966047e-10
2.7697619350368854e19	2.5403294781324683e-10	1.4420401784548465e-12	7.665e-11	3.3212498799170167e-10
2.801866556459201e19	2.5396547858421884e-10	1.6654222345680972e-12	7.665e-11	3.3228090081878694e-10
2.8343433061513036e19	2.538892411778165e-10	1.9197990844033365e-12	7.665e-11	3.324590402622198e-10
2.8671964974937756e19	2.5380428991492274e-10	2.2089259066759857e-12	7.665e-11	3.326632158215987e-10
2.9004304938639856e19	2.5371067967028485e-10	2.536938150049933e-12	7.665e-11	3.328976178203348e-10
2.934049709215793e19	2.536084658582401e-10	2.908380884289039e-12	7.665e-11	3.331668467425291e-10
2.9680586086655963e19	2.5349770441846733e-10	3.328239417793637e-12	7.665e-11	3.3347594383626095e-10
3.0024617090855555e19	2.533784518017656e-10	3.80197113515599e-12	7.665e-11	3.338304229369216e-10
3.0372635797033054e19	2.5325076495586973e-10	4.3355384963947635e-12	7.665e-11	3.342363034522645e-10
3.0724688427090096e19	2.531147013113029e-10	4.935443127124017e-12	7.665e-11	3.3470014443842694e-10
3.1080821738690576e19	2.529703174466869e-10	5.608760916082851e-12	7.665e-11	3.352290783627697e-10
3.1441083031472714e19	2.528176743802309e-10	6.36317802336876e-12	7.665e-11	3.3583085240359964e-10
3.180552015332913e19	2.526568295623318e-10	7.2070276893856645e-12	7.665e-11	3.365138572517174e-10
3.217418150676378e19	2.5248784221418e-10	8.14932772114302e-12	7.665e-11	3.3728716993532305e-10
3.2547116055318413e19	2.523107719697942e-10	9.199818519120737e-12	7.665e-11	3.381605904889149e-10
3.2924373330077757e19	2.521256788622144e-10	1.0369001494692965e-11	7.665e-11	3.3914468035690733e-10
3.330600343624582e19	2.519326233097689e-10	1.166817771505596e-11	7.665e-11	3.4025080102482486e-10
3.369205705980274e19	2.5173166610241647e-10	1.3109486600021597e-11	7.665e-11	3.414911527024381e-10
3.408258547423445e19	2.5152286838817105e-10	1.4705944482860018e-11	7.665e-11	3.428788128710311e-10
3.447764054734471e19	2.513062916596075e-10	1.6471482835938337e-11	7.665e-11	3.4442777449554585e-10
3.4877274748141703e19	2.510819977404595e-10	1.8420985951104514e-11	7.665e-11	3.4615298369156405e-10
3.5281541153808904e19	2.508500487723055e-10	2.057032785498657e-11	7.665e-11	3.4807037662729203e-10
3.5690493456752222e19	2.5061050720135276e-10	2.2936408230462485e-11	7.665e-11	3.501969154318152e-10
3.6104185971733447e19	2.5036343576531707e-10	2.553718710792875e-11	7.665e-11	3.525506228732458e-10
3.652267364308168e19	2.501088974804074e-10	2.839171808343216e-11	7.665e-11	3.551506155638395e-10
3.69460120519931e19	2.498469566456292e-10	3.152017981570883e-11	7.665e-11	3.5801713646133804e-10
3.737425742391057e19	2.4957767374389653e-10	3.494390555038028e-11	7.665e-11	3.611715792942768e-10
3.780746663599357e19	2.493011156015061e-10	3.868541041753117e-11	7.665e-11	3.6463652601903727e-10
3.824569722466991e19	2.4901734520338887e-10	4.276841624821445e-11	7.665e-11	3.6843576145160334e-10
3.868900739327984e19	2.4872642676672867e-10	4.7217873656707406e-11	7.665e-11	3.7259430042343606e-10
3.913745601980376e19	2.484284247113998e-10	5.205998113803079e-11	7.665e-11	3.7713840584943056e-10
3.959110266468467e19	2.481234036477404e-10	5.7322200935035864e-11	7.665e-11	3.8209560458277627e-10
4.0050007578736026e19	2.478114283644507e-10	6.303327143556397e-11	7.665e-11	3.8749469980001463e-10
4.051423171114656e19	2.47492563816613e-10	6.9223215868588e-11	7.665e-11	3.9336577968520104e-10
4.098383671757253e19	2.471668751138438e-10	7.592334707798983e-11	7.665e-11	3.997402221918336e-10
4.14588849683292e19	2.4683442750856824e-10	8.31662681646191e-11	7.665e-11	4.066506956731873e-10
4.1939439556671775e19	2.4649528638443116e-10	9.09858688004752e-11	7.665e-11	4.141311551849063e-10
4.242556430717786e19	2.4614951724483504e-10	9.941731703428966e-11	7.665e-11	4.222168342791247e-10
4.291732378422148e19	2.4579718570161774e-10	1.0849704642421642e-10	7.665e-11	4.3094423212583415e-10
4.341478330055102e19	2.454383582348591e-10	1.1826273835195256e-10	7.665e-11	4.4035109658681164e-10
4.391800892596077e19	2.4507309908304844e-10	1.2875329939193978e-10	7.665e-11	4.5047639847498823e-10
4.4427067496068915e19	2.4470147416107916e-10	1.4000883363071535e-10	7.665e-11	4.613603077917945e-10
4.494202662119133e19	2.4432355090161134e-10	1.5207060985326604e-10	7.665e-11	4.730441607548775e-10
4.546295469532409e19	2.439393945373401e-10	1.6498102353696738e-10	7.665e-11	4.855704180743075e-10
4.598992090522429e19	2.4354907110052223e-10	1.7878355361741092e-10	7.665e-11	4.989826247179331e-10
4.652299523960199e19	2.4315264665642073e-10	1.935227140158944e-10	7.665e-11	5.133253606723152e-10
4.706224849841272e19	2.4275018729309485e-10	2.092439999433761e-10	7.665e-11	5.286441872364709e-10
4.760775230226378e19	2.423417591113282e-10	2.2599382902230076e-10	7.665e-11	5.44985588133629e-10
4.815957910192341e19	2.419274282147067e-10	2.438194772933542e-10	7.665e-11	5.62396905508061e-10
4.871780218794641e19	2.4150726196797106e-10	2.627690102012804e-10	7.665e-11	5.809262721692515e-10
4.9282495700405035e19	2.41081323889992e-10	2.828912086794621e-10	7.665e-11	6.006225325694541e-10
4.985373463873904e19	2.406496813280701e-10	3.042354904798156e-10	7.665e-11	6.215351718078857e-10
5.043159487171348e19	2.4021240030062776e-10	3.2685182691934313e-10	7.665e-11	6.437142272199709e-10
5.101615314749844e19	2.3976954678143285e-10	3.507906552406075e-10	7.665e-11	6.672102020220404e-10
5.160748710385897e19	2.393211866905461e-10	3.7610278680671965e-10	7.665e-11	6.920739734972657e-10
5.220567527846986e19	2.3886738588541067e-10	4.028393113757791e-10	7.665e-11	7.183566972611898e-10
5.28107971193432e19	2.3840821015209064e-10	4.310514977209003e-10	7.665e-11	7.46109707872991e-10
5.342293299538363e19	2.3794372519665093e-10	4.6079069088412284e-10	7.665e-11	7.753844160807738e-10
5.404216420705904e19	2.374739955769024e-10	4.92108206370985e-10	7.665e-11	8.062322019478875e-10
5.466857299720192e19	2.369990889542262e-10	5.250552216119783e-10	7.665e-11	8.387043105662046e-10
5.530224256192889e19	2.3651907068141926e-10	5.596826650323573e-10	7.665e-11	8.728517357137766e-10
5.594325706169389e19	2.3603400400474173e-10	5.960411030880216e-10	7.665e-11	9.087251070927634e-10
5.659170163246231e19	2.355439551448722e-10	6.341806256368184e-10	7.665e-11	9.463745807816905e-10
5.7247662397021905e19	2.3504898915505473e-10	6.741507300273163e-10	7.665e-11	9.858497191823711e-10
5.791122647641747e19	2.345491709522729e-10	7.160002042947495e-10	7.665e-11	1.0271993752470223e-9
5.858248200152548e19	2.340445653097861e-10	7.597770098627894e-10	7.665e-11	1.0704715751725753e-9
5.92615181247554e19	2.3353523684981136e-10	8.055281641532518e-10	7.665e-11	1.1157134010030631e-9
5.994842503189421e19	2.330212500363431e-10	8.532996235108981e-10	7.665e-11	1.1629708735472411e-9
6.064329395408049e19	2.3250266916811834e-10	9.031361668496898e-10	7.665e-11	1.2122888360178081e-9
6.1346217179925185e19	2.3197955837171692e-10	9.55081280427972e-10	7.665e-11	1.2637108387996888e-9
6.205728806776488e19	2.3145198159480783e-10	1.0091770441549967e-9	7.665e-11	1.3172790257498046e-9
6.277660105806513e19	2.309200025995272e-10	1.0654640198285096e-9	7.665e-11	1.3730340224280368e-9
6.350425168595949e19	2.303836849560018e-10	1.1239811416939075e-9	7.665e-11	1.4310148266499092e-9
6.424033659394204e19	2.2984309203600095e-10	1.184765609709166e-9	7.665e-11	1.4912587017451667e-9
6.498495354469875e19	2.2929828700673503e-10	1.2478527858866124e-9	7.665e-11	1.5538010728933475e-9
6.5738201434095985e19	2.287493328247784e-10	1.3132760940729426e-9	7.665e-11	1.6186754268977209e-9
6.650018030431105e19	2.281962922301365e-10	1.3810669235122149e-9	7.665e-11	1.6859132157423514e-9
6.72709913571235e19	2.276392277404382e-10	1.4512545365238406e-9	7.665e-11	1.7555437642642787e-9
6.805073696735193e19	2.2707820164526705e-10	1.5238659806077556e-9	7.665e-11	1.8275941822530225e-9
6.88395206964551e19	2.2651327600061822e-10	1.598926005273689e-9	7.665e-11	1.902089281274307e-9
6.963744730628208e19	2.2594451262349095e-10	1.6764569838688445e-9	7.665e-11	1.9790514964923354e-9
7.044462277299052e19	2.253719730866046e-10	1.7564788406609836e-9	7.665e-11	2.0585008137475885e-9
7.126115430111731e19	2.2479571871324906e-10	1.8390089834090603e-9	7.665e-11	2.1404547021223095e-9
7.20871503378215e19	2.242158105722547e-10	1.924062241634631e-9	7.665e-11	2.224928052206886e-9
7.292272058728298e19	2.2363230947309604e-10	2.0116508107807293e-9	7.665e-11	2.3119331202538255e-9
7.376797602527746e19	2.2304527596111184e-10	2.1017842024249394e-9	7.665e-11	2.4014794783860515e-9
7.462302891391092e19	2.2245477031285655e-10	2.194469200685661e-9	7.665e-11	2.4935739709985176e-9
7.548799281653447e19	2.2186085253156624e-10	2.2897098249401356e-9	7.665e-11	2.588220677471702e-9
7.636298261282226e19	2.212635823427526e-10	2.387507298944376e-9	7.665e-11	2.6854208812871284e-9
7.724811451403416e19	2.2066301918990966e-10	2.4878600264247695e-9	7.665e-11	2.785173045614679e-9
7.814350607844526e19	2.2005922223034635e-10	2.590763573182575e-9	7.665e-11	2.887472795412922e-9
7.904927622696436e19	2.1945225033112864e-10	2.696210655732654e-9	7.665e-11	2.992312906063783e-9
7.99655452589233e19	2.188421610147551e-10	2.804191136469582e-9	7.665e-11	3.0996832974843374e-9
8.089243486805955e19	2.182290146788432e-10	2.9146920253354567e-9	7.665e-11	3.2095710400143e-9
8.183006815867373e19	2.1761286822378465e-10	3.0276974879362166e-9	7.665e-11	3.3219603561600013e-9
8.27785696619849e19	2.169937793174455e-10	3.143188860035998e-9	7.665e-11	3.436832639353444e-9
8.373806535266473e19	2.1637180531889462e-10	3.2611446683326252e-9	7.665e-11	3.55416647365152e-9
8.47086826655742e19	2.15747003275021e-10	3.381540657401881e-9	7.665e-11	3.6739376606769023e-9
8.56905505126833e19	2.1511943084230726e-10	3.50434982267333e-9	7.665e-11	3.796119253515637e-9
8.668379930019792e19	2.1448914256404816e-10	3.6295424492870636e-9	7.665e-11	3.9206815918511115e-9
8.76885609458741e19	2.1385619547629314e-10	3.757086156657694e-9	7.665e-11	4.047592352133987e-9
8.870496889654421e19	2.1322064534557281e-10	3.886945948560868e-9	7.665e-11	4.176816593906441e-9
8.9733158145835e19	2.1258254761095538e-10	4.019084268536564e-9	7.665e-11	4.308316816147519e-9
9.077326525210242e19	2.119419565496595e-10	4.15346106039487e-9	7.665e-11	4.442053016944529e-9
9.182542835656263e19	2.1129892861840957e-10	4.290033833591178e-9	7.665e-11	4.577982762209588e-9
9.288978720164517e19	2.1065351740822097e-10	4.428757733231819e-9	7.665e-11	4.71606125064004e-9
9.396648314954672e19	2.1000577702175717e-10	4.56958561445458e-9	7.665e-11	4.856241391476337e-9
9.50556592010121e19	2.0935576122144353e-10	4.712468120925499e-9	7.665e-11	4.998473882146942e-9
9.615746001432076e19	2.0870352342720848e-10	4.857353767178991e-9	7.665e-11	5.142707290606199e-9
9.727203192450558e19	2.0804911671430947e-10	5.00418902452801e-9	7.665e-11	5.288888141242319e-9
9.839952296278206e19	2.0739259381126003e-10	5.1529184102589755e-9	7.665e-11	5.436961004070235e-9
9.95400828762154e19	2.0673400709783826e-10	5.30348457982853e-9	7.665e-11	5.586868586926368e-9
1.0069386314760251e20	2.0607340860319398e-10	5.455828421769374e-9	7.665e-11	5.738551830372568e-9
1.0186101701559773e20	2.0541085000403504e-10	5.609889155017441e-9	7.665e-11	5.891950005021476e-9
1.0304169949505854e20	2.0474638262290834e-10	5.765604428364948e-9	7.665e-11	6.047000810987856e-9
1.0423606739764032e20	2.040800574265592e-10	5.9229104217512675e-9	7.665e-11	6.203640479177827e-9
1.0544427935261663e20	2.034119250243816e-10	6.081741949098002e-9	7.665e-11	6.361803874122383e-9
1.0666649582795409e20	2.0274203566694392e-10	6.242032562404116e-9	7.665e-11	6.52142459807106e-9
1.0790287915161815e20	2.0207043924460393e-10	6.403714656813392e-9	7.665e-11	6.682435096057996e-9
1.0915359353313934e20	2.0139718528614012e-10	6.566719576377947e-9	7.665e-11	6.8447667616640866e-9
1.104188050854158e20	2.0072232295780855e-10	6.730977720239675e-9	7.665e-11	7.008350043197483e-9
1.116986818467825e20	2.0004590106161968e-10	6.896418648964656e-9	7.665e-11	7.1731145500262755e-9
1.1299339380332193e20	1.9936796803483466e-10	7.06297119076532e-9	7.665e-11	7.338989158800155e-9
1.143031129114481e20	1.9868857194867625e-10	7.230563547359794e-9	7.665e-11	7.505902119308471e-9
1.156280131207373e20	1.9800776050746364e-10	7.399123399218779e-9	7.665e-11	7.673781159726243e-9
1.169682703970387e20	1.9732558208280088e-10	7.568578009966584e-9	7.665e-11	7.842553592049386e-9
1.1832406274583755e20	1.9664208155033563e-10	7.738854329704505e-9	7.665e-11	8.01214641125484e-9
1.1969557023590452e20	1.959573065666104e-10	7.909879097042338e-9	7.665e-11	8.182486403608949e-9
1.210829750232037e20	1.9527130336047673e-10	8.081578939626066e-9	7.665e-11	8.353500242986544e-9
1.2248646137509333e20	1.945841177903097e-10	8.25388047296831e-9	7.665e-11	8.525114590758621e-9
1.2390621569479131e20	1.9389579534350152e-10	8.426710397390904e-9	7.665e-11	8.697256192734405e-9
1.253424265461402e20	1.9320638113601426e-10	8.599995592907943e-9	7.665e-11	8.869851974043958e-9
1.2679528467864314e20	1.9251591991200367e-10	8.773663211881154e-9	7.665e-11	9.042829131793159e-9
1.2826498305280626e20	1.91824456043498e-10	8.947640769298467e-9	7.665e-11	9.216115225341965e-9
1.2975171686575841e20	1.911320335301475e-10	9.121856230530524e-9	7.665e-11	9.389638264060672e-9
1.3125568357718455e20	1.9043869599902528e-10	9.296238096439003e-9	7.665e-11	9.563326792438028e-9
1.3277708293554263e20	1.8974448670449714e-10	9.47071548571443e-9	7.665e-11	9.737109972418928e-9
1.343161170046018e20	1.8904944852814048e-10	9.645218214340421e-9	7.665e-11	9.910917662868563e-9
1.3587299019027064e20	1.8835362397872977e-10	9.819676872084715e-9	7.665e-11	1.0084680496063446e-8
1.3744790926775394e20	1.8765705519226863e-10	9.994022895936607e-9	7.665e-11	1.0258329951128877e-8
1.3904108340900669e20	1.8695978393208705e-10	1.0168188640413377e-8	7.665e-11	1.0431798424345465e-8
1.4065272421052393e20	1.8626185158898292e-10	1.0342107444677221e-8	7.665e-11	1.0605019296266205e-8
1.422830457214349e20	1.8556329918142462e-10	1.0515713696406785e-8	7.665e-11	1.077792699558821e-8
1.4393226447194094e20	1.8486416735579887e-10	1.0688942892385791e-8	7.665e-11	1.0950457059741592e-8
1.4560059950206455e20	1.8416449638671606e-10	1.0861731695773243e-8	7.665e-11	1.112254619215996e-8
1.4728827239075049e20	1.834643261773572e-10	1.1034017990037548e-8	7.665e-11	1.1294132316214906e-8
1.4899550728528508e20	1.8276369561204385e-10	1.1205740929538227e-8	7.665e-11	1.1465154625150271e-8
1.5072253093107587e20	1.820626457958581e-10	1.1376840986756081e-8	7.665e-11	1.163555363255194e-8
1.5246957270175698e20	1.813612135767884e-10	1.154725999617324e-8	7.665e-11	1.1805271209750028e-8
1.5423686462966304e20	1.8065943802461886e-10	1.171694119482092e-8	7.665e-11	1.197425063284554e-8
1.5602464143663648e20	1.7995735719234207e-10	1.1885829259512763e-8	7.665e-11	1.2142436616705105e-8
1.5783314056521197e20	1.7925500876461985e-10	1.2053870340796859e-8	7.665e-11	1.230977534956148e-8
1.596626022101422e20	1.7855243005845852e-10	1.22210120936591e-8	7.665e-11	1.2476214523717559e-8
1.615132693503093e20	1.7784965802391881e-10	1.2387203705024752e-8	7.665e-11	1.2641703363048672e-8
1.6338538778098572e20	1.7714672924487433e-10	1.2552395918103902e-8	7.665e-11	1.2806192647348777e-8
1.652792061464897e20	1.7644367993980296e-10	1.2716541053639834e-8	7.665e-11	1.2969634733579638e-8
1.671949759731985e20	1.7574054596262392e-10	1.2879593028117321e-8	7.665e-11	1.3131983574079946e-8
1.6913295170296506e20	1.750373628035657e-10	1.3041507369000388e-8	7.665e-11	1.3293194731803954e-8
1.71093390726901e20	1.7433416559008e-10	1.3202241227066167e-8	7.665e-11	1.3453225392656248e-8
1.7307655341957277e20	1.7363098908778312e-10	1.3361753385913291e-8	7.665e-11	1.3612034375001074e-8
1.7508270317357197e20	1.7292786770144115e-10	1.3520004268719451e-8	7.665e-11	1.3769582136420892e-8
1.7711210643450905e20	1.722248354759821e-10	1.3676955942333759e-8	7.665e-11	1.3925830777809741e-8
1.791650327363896e20	1.7152192609755808e-10	1.3832572118785114e-8	7.665e-11	1.4080744044882673e-8
1.8124175473742394e20	1.7081917289458665e-10	1.3986818154297755e-8	7.665e-11	1.4234287327192343e-8
1.833425482562285e20	1.7011660883893155e-10	1.4139661045900322e-8	7.665e-11	1.4386427654739254e-8
1.8546769230847014e20	1.6941426654700154e-10	1.4291069425723659e-8	7.665e-11	1.4537133692270662e-8
1.8761746914391156e20	1.687121774415583e-10	1.444101355307735e-8	7.665e-11	1.4686375730518909e-8
1.8979216428391032e20	1.6801037512893059e-10	1.4589465304403025e-8	7.665e-11	1.4834125679531956e-8
1.919920665593279e20	1.673088903081312e-10	1.4736398161196635e-8	7.665e-11	1.4980357051504765e-8
1.9421746814890285e20	1.6660775418587758e-10	1.488178719599932e-8	7.665e-11	1.5125044950185198e-8
1.9646866461804406e20	1.659069976196241e-10	1.5025609056550106e-8	7.665e-11	1.526816605416973e-8
1.987459549580986e20	1.6520665111887658e-10	1.516784194820041e-8	7.665e-11	1.5409698599319287e-8
2.0104964162604928e20	1.6450674484654087e-10	1.5308465614683544e-8	7.665e-11	1.5549622359530085e-8
2.033800305846984e20	1.6380730862028922e-10	1.544746131733852e-8	7.665e-11	1.5687918625958805e-8
2.0573743134329074e20	1.6310837191395854e-10	1.558481181288029e-8	7.665e-11	1.582457018479425e-8
2.0812215699863414e20	1.6240996385896513e-10	1.5720501329814167e-8	7.665e-11	1.595956129367313e-8
2.1053452427666997e20	1.617121132457504e-10	1.5854515543584505e-8	7.665e-11	1.6092877656830254e-8
2.1297485357455232e20	1.6101484852524147e-10	1.5986841550553104e-8	7.665e-11	1.6224506399078345e-8
2.1544346900318778e20	1.6031819781034067e-10	1.6117467840894676e-8	7.665e-11	1.6354436038705017e-8
2.179406984302958e20	1.596221895055092e-10	1.624638427050162e-8	7.665e-11	1.648265646000713e-8
2.204668735239403e20	1.5892684916782168e-10	1.637358203198228e-8	7.665e-11	1.6609158881150102e-8
2.2302232979659407e20	1.5823220578970533e-10	1.6499053624841013e-8	7.665e-11	1.673393583063072e-8
2.2560740664968544e20	1.575382855189133e-10	1.6622792824920466e-8	7.665e-11	1.685698111043938e-8
2.2822244741869008e20	1.5684511480130838e-10	1.6744794653190214e-8	7.665e-11	1.6978289767991523e-8
2.3086779941871626e20	1.561527197539891e-10	1.686505534395772e-8	7.665e-11	1.7097858063711707e-8
2.335438139906482e20	1.554611261669872e-10	1.698357231258117e-8	7.665e-11	1.7215683438748156e-8
2.3625084654779403e20	1.547703595049107e-10	1.7100344122755603e-8	7.665e-11	1.733176448226051e-8
2.3898925662310528e20	1.5408044490859387e-10	1.721537045344685e-8	7.665e-11	1.7446100898355443e-8
2.4175940791691235e20	1.5339140719677202e-10	1.7328652065539817e-8	7.665e-11	1.755869347273659e-8
2.445616683452449e20	1.5270327086776296e-10	1.74401907682705e-8	7.665e-11	1.766954403913826e-8
2.4739641008868065e20	1.5201606010117063e-10	1.7549989385503205e-8	7.665e-11	1.7778655445604376e-8
2.5026400964179218e20	1.5132979875959653e-10	1.7658051721917103e-8	7.665e-11	1.78860315206767e-8
2.5316484786313478e20	1.5064451039037007e-10	1.7764382529158392e-8	7.665e-11	1.7991677039548762e-8
2.560993100258462e20	1.4996021822728643e-10	1.7868987472016768e-8	7.665e-11	1.8095597690244054e-8
2.590677858688001e20	1.4927694519236317e-10	1.797187309467749e-8	7.665e-11	1.8197800039869852e-8
2.620706696483855e20	1.4859471389760214e-10	1.807304678710227e-8	7.665e-11	1.829829150099987e-8
2.651083601908531e20	1.4791354664676965e-10	1.8172516751585074e-8	7.665e-11	1.8397080298231842e-8
2.6818126094530183e20	1.4723346543718064e-10	1.827029196953084e-8	7.665e-11	1.8494175434968018e-8
2.712897800372459e20	1.4655449196150067e-10	1.836638216849822e-8	7.665e-11	1.858958666045972e-8
2.744343303228368e20	1.4587664760955105e-10	1.8460797789548987e-8	7.665e-11	1.8683324437158538e-8
2.7761532944367924e20	1.4519995347012975e-10	1.8553549954940303e-8	7.665e-11	1.8775399908410433e-8
2.8083319988231756e20	1.4452443033283493e-10	1.8644650436197655e-8	7.665e-11	1.886582486653049e-8
2.8408836901832953e20	1.4385009868990525e-10	1.873411162259963e-8	7.665e-11	1.8954611721289535e-8
2.8738126918510694e20	1.4317697873805885e-10	1.882194649010764e-8	7.665e-11	1.90417734688457e-8
2.9071233772725695e20	1.4250509038035008e-10	1.890816857076711e-8	7.665e-11	1.9127323661147458e-8
2.940820170587067e20	1.4183445392864532e-10	1.899279192260865e-8	7.665e-11	1.9211276376537294e-8
2.9749075472144315e20	1.4116508728739028e-10	1.9075831100071378e-8	7.665e-11	1.9293646187358768e-8
3.009390034449724e20	1.4049701020640537e-10	1.9157301124972486e-8	7.665e-11	1.937444813517889e-8
3.0442722120642934e20	1.3983024143273233e-10	1.923721745804113e-8	7.665e-11	1.945369769947386e-8
3.07955871291423e20	1.391647994291068e-10	1.9315595971036548e-8	7.665e-11	1.9531410770465655e-8
3.115254223555478e20	1.3850070237585215e-10	1.9392452919464665e-8	7.665e-11	1.9607603621840515e-8
3.1513634848664827e20	1.3783796817277058e-10	1.9467804915909302e-8	7.665e-11	1.968229288408207e-8
3.187891292677636e20	1.3717661444104666e-10	1.954166890398845e-8	7.665e-11	1.9755495518429496e-8
3.2248424984084454e20	1.3651665852514738e-10	1.9614062132948302e-8	7.665e-11	1.9827228791473448e-8
3.2622220097116596e20	1.3585811749473414e-10	1.9685002132902184e-8	7.665e-11	1.989751025039692e-8
3.300034791125289e20	1.3520100814656976e-10	1.975450669072361e-8	7.665e-11	1.996635769887018e-8
3.3382858647317506e20	1.3454534700643758e-10	1.9822593826597726e-8	7.665e-11	2.0033789173604162e-8
3.376980310825095e20	1.338911503310545e-10	1.9889281771237263e-8	7.665e-11	2.0099822921568317e-8
3.416123268585518e20	1.3323843410999515e-10	1.995458894376444e-8	7.665e-11	2.0164477377874435e-8
3.455719936762143e20	1.3258721406761032e-10	2.001853393026226e-8	7.665e-11	2.0227771144329872e-8
3.495775574363265e20	1.3193750566495476e-10	2.0081135462994125e-8	7.665e-11	2.028972296865908e-8
3.5362955013550467e20	1.312893236135745e-10	2.0142412400292642e-8	7.665e-11	2.0350351723906216e-8
3.577285099367862e20	1.306426838408988e-10	2.020238370711439e-8	7.665e-11	2.0409676390955288e-8
3.618749812411284e20	1.2999760053034654e-10	2.0261068436259294e-8	7.665e-11	2.046771603678964e-8
3.6606951475968914e20	1.2935408856514185e-10	2.0318485710249328e-8	7.665e-11	2.0524489798814468e-8
3.7031266758699306e20	1.2871216119636853e-10	2.03746547038632e-8	7.665e-11	2.058001686505957e-8
3.746050032748982e20	1.2807183281230325e-10	2.042959462732016e-8	7.665e-11	2.063431646013246e-8
3.7894709190746715e20	1.2743311708488466e-10	2.0483324710107692e-8	7.665e-11	2.0687407827192576e-8
3.8333951017665895e20	1.2679602743818087e-10	2.0535864185444674e-8	7.665e-11	2.0739310212882853e-8
3.8778284145894615e20	1.2616057705031313e-10	2.0587232275373487e-8	7.665e-11	2.07900428524238e-8
3.9227767589277073e20	1.2552677885538736e-10	2.063744817647119e-8	7.665e-11	2.0839624955326575e-8
3.968246104569486e20	1.2489464554541535e-10	2.068653104617194e-8	7.665e-11	2.0888075691717352e-8
4.01424249049931e20	1.2426418957224324e-10	2.0734499989689845e-8	7.665e-11	2.0935414179262087e-8
4.06077202570037e20	1.2363542314947066e-10	2.0781374047533146e-8	7.665e-11	2.0981659470682616e-8
4.107840889965634e20	1.2300835825437483e-10	2.0827172183598207e-8	7.665e-11	2.102683054185258e-8
4.15545533471888e20	1.223830066298254e-10	2.0871913273833197e-8	7.665e-11	2.107094628046302e-8
4.2036216838447006e20	1.2175937978620473e-10	2.0915616095459224e-8	7.665e-11	2.111402547524543e-8
4.2523463345286867e20	1.2113748900331728e-10	2.0958299316738204e-8	7.665e-11	2.115608680574152e-8
4.301635758106782e20	1.2051734533230446e-10	2.0999981487274487e-8	7.665e-11	2.119714883260679e-8
4.351496500925054e20	1.1989895959754418e-10	2.104068102883916e-8	7.665e-11	2.1237229988436704e-8
4.401935185208861e20	1.1928234239853944e-10	2.1080416226703506e-8	7.665e-11	2.1276348569102045e-8
4.45295850994266e20	1.1866750411197936e-10	2.1119205221470152e-8	7.665e-11	2.131452272558213e-8
4.5045732517594445e20	1.1805445428682125e-10	2.115706600138822e-8	7.665e-11	2.135177045567504e-8
4.556786265841069e20	1.1744320408598886e-10	2.119401639514055e-8	7.665e-11	2.1388109599226538e-8
4.60960448682842e20	1.168337626082001e-10	2.1230074065089363e-8	7.665e-11	2.1423557827697562e-8
4.663034929742736e20	1.1622613935716767e-10	2.126525650096812e-8	7.665e-11	2.1458132640325285e-8
4.717084690917003e20	1.1562034362310097e-10	2.129958101400599e-8	7.665e-11	2.149185135762909e-8
4.771760948938751e20	1.150163844845794e-10	2.1333064731472617e-8	7.665e-11	2.1524731115957195e-8
4.8270709656031684e20	1.1441427081042712e-10	2.1365724591629636e-8	7.665e-11	2.155678886244006e-8
4.8830220868778846e20	1.1381401126157699e-10	2.1397577339076737e-8	7.665e-11	2.1588041350338314e-8
4.939621743878305e20	1.1321561429293518e-10	2.1428639520478747e-8	7.665e-11	2.161850513477168e-8
4.996877453854889e20	1.1261908815523468e-10	2.1458927480661813e-8	7.665e-11	2.1648196568817047e-8
5.054796821191225e20	1.1202444089688985e-10	2.1488457359065294e-8	7.665e-11	2.1677131799962183e-8
5.1133875384143315e20	1.1143168036583865e-10	2.151724508653757e-8	7.665e-11	2.1705326766903408e-8
5.1726573872160034e20	1.1084081421138602e-10	2.154530638246287e-8	7.665e-11	2.1732797196674256e-8
5.232614239486667e20	1.1025184988603482e-10	2.1572656752207384e-8	7.665e-11	2.1759558602093418e-8
5.293266058360545e20	1.0966479464731723e-10	2.1599311484872146e-8	7.665e-11	2.178562627951946e-8
5.354620899273613e20	1.0907965555961394e-10	2.162528565134139e-8	7.665e-11	2.1811015306901e-8
5.4166869110331356e20	1.08496439495973e-10	2.165059410261414e-8	7.665e-11	2.1835740542110113e-8
5.4794723369002926e20	1.0791515313991668e-10	2.167525146840808e-8	7.665e-11	2.1859816621547995e-8
5.542985515684652e20	1.0733580298724737e-10	2.169927215602392e-8	7.665e-11	2.1883257959011167e-8
5.607234882852038e20	1.0675839534784129e-10	2.172267034945978e-8	7.665e-11	2.190607874480762e-8
5.672228971644526e20	1.0618293634744145e-10	2.1745460008764106e-8	7.665e-11	2.1928292945111547e-8
5.7379764142141394e20	1.0560943192943749e-10	2.1767654869617164e-8	7.665e-11	2.19499143015466e-8
5.80448594276896e20	1.0503788785664503e-10	2.1789268443130137e-8	7.665e-11	2.197095633098678e-8
5.8717663907332614e20	1.0446830971307153e-10	2.1810314015852154e-8	7.665e-11	2.1991432325565223e-8
5.939826693920339e20	1.0390070290568167e-10	2.183080464997496e-8	7.665e-11	2.201135535288064e-8
6.008675891719693e20	1.0333507266614848e-10	2.1850753183725892e-8	7.665e-11	2.203073825639204e-8
6.078323128297212e20	1.0277142405260416e-10	2.1870172231939434e-8	7.665e-11	2.2049593655992036e-8
6.148777653810029e20	1.0220976195137683e-10	2.188907418679843e-8	7.665e-11	2.2067933948749807e-8
6.220048825634693e20	1.0165009107872591e-10	2.190747121873578e-8	7.665e-11	2.2085771309814506e-8
6.29214610961035e20	1.0109241598256401e-10	2.1925375277488235e-8	7.665e-11	2.2103117693470798e-8
6.365079081295552e20	1.005367410441769e-10	2.1942798093293455e-8	7.665e-11	2.211998483433763e-8
6.438857427240426e20	9.998307047992999e-11	2.1959751178222554e-8	7.665e-11	2.2136384248702483e-8
6.513490946272783e20	9.94314083429724e-11	2.1976245827639893e-8	7.665e-11	2.2152327235982863e-8
6.588989550799956e20	9.888175852492793e-11	2.1992293121782536e-8	7.665e-11	2.2167824880307463e-8
6.665363268124894e20	9.833412475758292e-11	2.200790392745189e-8	7.665e-11	2.218288805220947e-8
6.742622241778349e20	9.778851061456114e-11	2.2023088899810382e-8	7.665e-11	2.2197527410424944e-8
6.820776732865664e20	9.724491951299548e-11	2.2037858484276006e-8	7.665e-11	2.2211753403789e-8
6.899837121430026e20	9.670335471518639e-11	2.2052222918508306e-8	7.665e-11	2.222557627322349e-8
6.979813907830639e20	9.616381933025705e-11	2.206619223447891e-8	7.665e-11	2.2239006053809164e-8
7.06071771413778e20	9.562631631579493e-11	2.2079776260620766e-8	7.665e-11	2.225205257693656e-8
7.142559285543105e20	9.509084847949064e-11	2.209298462404959e-8	7.665e-11	2.2264725472529082e-8
7.225349491787221e20	9.455741848076183e-11	2.210582675285211e-8	7.665e-11	2.227703417133287e-8
7.309099328602888e20	9.402602883237606e-11	2.211831187843514e-8	7.665e-11	2.2288987907267513e-8
7.393819919175874e20	9.349668190205279e-11	2.2130449037930454e-8	7.665e-11	2.2300595719832506e-8
7.479522515621798e20	9.296937991407945e-11	2.214224707664993e-8	7.665e-11	2.231186645656401e-8
7.566218500481063e20	9.244412538573582e-11	2.2153714650586283e-8	7.665e-11	2.2322808775972017e-8
7.653919388230125e20	9.192091937968057e-11	2.2164860228954417e-8	7.665e-11	2.2333431148334098e-8
7.742636826811277e20	9.139976414428861e-11	2.2175692096769038e-8	7.665e-11	2.2343741860913324e-8
7.832382599179173e20	9.088066134591883e-11	2.2186218357453867e-8	7.665e-11	2.2353749018799786e-8
7.923168624866262e20	9.036361251536444e-11	2.2196446935478657e-8	7.665e-11	2.236346054799402e-8
8.01500696156538e20	8.984861904940528e-11	2.2206385579019574e-8	7.665e-11	2.2372884198068977e-8
8.107909806731695e20	8.933568221234444e-11	2.221604186263962e-8	7.665e-11	2.2382027544851965e-8
8.201889499202178e20	8.88248031375418e-11	2.2225423189984952e-8	7.665e-11	2.2390897993122492e-8
8.296958520834915e20	8.831598282893328e-11	2.223453679649405e-8	7.665e-11	2.2399502779322982e-8
8.393129498166339e20	8.780922216254605e-11	2.2243389752116216e-8	7.665e-11	2.2407848974278762e-8
8.490415204088755e20	8.730452188799974e-11	2.2251988964036337e-8	7.665e-11	2.2415943485924335e-8
8.588828559546223e20	8.680188263000354e-11	2.2260341179402874e-8	7.665e-11	2.2423793062032874e-8
8.688382635251194e20	8.630130455934672e-11	2.226845298805635e-8	7.665e-11	2.2431404292615695e-8
8.789090653419927e20	8.580278904681918e-11	2.2276330825255548e-8	7.665e-11	2.2438783614302367e-8
8.890965989529167e20	8.530633504409206e-11	2.228398097439903e-8	7.665e-11	2.2445937309443123e-8
8.994022174092017e20	8.481194396870273e-11	2.2291409569739373e-8	7.665e-11	2.2452871513708073e-8
9.098272894455568e20	8.43196148956386e-11	2.2298622599088105e-8	7.665e-11	2.2459592213983743e-8
9.203731996618192e20	8.382934804677128e-11	2.2305625906508988e-8	7.665e-11	2.246610525455576e-8
9.310413487069085e20	8.334114321350416e-11	2.2312425194997842e-8	7.665e-11	2.2472416338211343e-8
9.418331534647923e20	8.285500007395638e-11	2.2319026029146832e-8	7.665e-11	2.2478531029220785e-8
9.5275004724273e20	8.237091819437161e-11	2.232543383779166e-8	7.665e-11	2.248445475598603e-8
9.637934799615756e20	8.188889703052309e-11	2.2331653916639802e-8	7.665e-11	2.2490192813670324e-8
9.749649183484096e20	8.14089359291039e-11	2.233769143087843e-8	7.665e-11	2.2495750366807533e-8
9.86265846131279e20	8.093103412911364e-11	2.2343551417760442e-8	7.665e-11	2.2501132451889556e-8
9.976977642363212e20	8.045519076322998e-11	2.234923878916737e-8	7.665e-11	2.2506343979930597e-8
1.0092621909870443e21	7.998140485917658e-11	2.2354758334147787e-8	7.665e-11	2.251138973900696e-8
1.0209606623060475e21	7.950967534107598e-11	2.236011472143029e-8	7.665e-11	2.2516274396771365e-8
1.0327947319189483e21	7.904000103079898e-11	2.2365312501909706e-8	7.665e-11	2.2521002502940504e-8
1.0447659715608053e21	7.85723806492991e-11	2.2370356111105847e-8	7.665e-11	2.2525578491755146e-8
1.0568759711848007e21	7.81068128179427e-11	2.2375249871593667e-8	7.665e-11	2.2530006684411607e-8
1.0691263391734771e21	7.764329605982503e-11	2.2379997995404213e-8	7.665e-11	2.2534291291464036e-8
1.0815187025522848e21	7.718182880108211e-11	2.23846045863955e-8	7.665e-11	2.253843641519658e-8
1.0940547072057436e21	7.672240937218752e-11	2.238907364259268e-8	7.665e-11	2.2542446051964867e-8
1.1067360180959699e21	7.626503600924594e-11	2.239340905849695e-8	7.665e-11	2.2546324094506195e-8
1.1195643194838795e21	7.580970685527118e-11	2.2397614627362628e-8	7.665e-11	2.2550074334217897e-8
1.132541315152808e21	7.535641996146103e-11	2.2401694043441954e-8	7.665e-11	2.2553700463403412e-8
1.1456687286348727e21	7.49051729068491e-11	2.2405650904197156e-8	7.665e-11	2.2557206077104004e-8
1.158948303439807e21	7.445596433463951e-11	2.240948871247951e-8	7.665e-11	2.2560594676814148e-8
1.1723818032865997e21	7.400879163766378e-11	2.2413210878675062e-8	7.665e-11	2.2563869670312725e-8
1.1859710123376658e21	7.356365251238636e-11	2.2416820722816704e-8	7.665e-11	2.256703437532909e-8
1.1997177354358856e21	7.312054456967268e-11	2.242032147666254e-8	7.665e-11	2.2570092021232213e-8
1.213623798344237e21	7.267946533600777e-11	2.2423716285740293e-8	7.665e-11	2.25730457510763e-8
1.2276910479883604e21	7.224041225470059e-11	2.2427008211357612e-8	7.665e-11	2.257589862361231e-8
1.2419213527017796e21	7.180338268708411e-11	2.2430200232578397e-8	7.665e-11	2.257865361526548e-8
1.2563166024741214e21	7.136837391370149e-11	2.2433295248164885e-8	7.665e-11	2.2581313622078585e-8
1.2708787092020543e21	7.093538313548765e-11	2.243629607848567e-8	7.665e-11	2.2583881461621158e-8
1.2856096069432965e21	7.050440747493695e-11	2.243920546738966e-8	7.665e-11	2.2586359874864594e-8
1.3005112521734045e21	7.007544397726652e-11	2.2442026084045982e-8	7.665e-11	2.2588751528023248e-8
1.3155856240457052e21	6.964848961156566e-11	2.244476052475013e-8	7.665e-11	2.2591059014361694e-8
1.3308347246540706e21	6.922354127194089e-11	2.2447411314696193e-8	7.665e-11	2.2593284855968133e-8
1.346260579298911e21	6.880059577864693e-11	2.244998090971575e-8	7.665e-11	2.2595431505494397e-8
1.3618652367560772e21	6.837964987921392e-11	2.2452471697983117e-8	7.665e-11	2.259750134786233e-8
1.377650769549055e21	6.796070024955998e-11	2.2454886001687652e-8	7.665e-11	2.259949670193721e-8
1.3936192742241377e21	6.754374349510039e-11	2.2457226078673035e-8	7.665e-11	2.2601419822168136e-8
1.4097728716289676e21	6.712877615184213e-11	2.245949412404388e-8	7.665e-11	2.260327290019572e-8
1.426113707194124e21	6.671579493429598e-11	2.2461692271739996e-8	7.665e-11	2.260505806667429e-8
1.4426439512181587e21	6.630479574367019e-11	2.2463822596078573e-8	7.665e-11	2.260677739182224e-8
1.4593657991557517e21	6.589577516679336e-11	2.246588711326451e-8	7.665e-11	2.26084328884313e-8
1.476281471909391e21	6.548872947283599e-11	2.2467887782869417e-8	7.665e-11	2.261002651234225e-8
1.4933932161242473e21	6.508365464173786e-11	2.246982650927941e-8	7.665e-11	2.2611560163921147e-8
1.5107033044866556e21	6.46805472710651e-11	2.2471705143112218e-8	7.665e-11	2.2613035690383283e-8
1.5282140360258646e21	6.427940321054863e-11	2.2473525482603895e-8	7.665e-11	2.2614454885814442e-8
1.5459277364194784e21	6.388021847937076e-11	2.2475289274965497e-8	7.665e-11	2.2615819493444867e-8
1.5638467583022415e21	6.348298903678269e-11	2.247699821771017e-8	7.665e-11	2.2617131206746954e-8
1.5819734815786014e21	6.308771078311054e-11	2.247865395995107e-8	7.665e-11	2.261839167073418e-8
1.600310313738695e21	6.26943795607577e-11	2.2480258103670294e-8	7.665e-11	2.261960248323105e-8
1.6188596901781992e21	6.230299115519368e-11	2.248181220495961e-8	7.665e-11	2.2620765196114805e-8
1.6376240745216824e21	6.191354129593904e-11	2.248331777523305e-8	7.665e-11	2.2621881316528987e-8
1.6566059589499153e21	6.15260256575368e-11	2.248477628241197e-8	7.665e-11	2.2622952308069504e-8
1.675807864530762e21	6.114043986052025e-11	2.2486189152082963e-8	7.665e-11	2.2623979591943484e-8
1.6952323415541214e21	6.07567794723672e-11	2.248755776862907e-8	7.665e-11	2.2624964548101435e-8
1.7148819698705338e21	6.037504000845064e-11	2.248888347633464e-8	7.665e-11	2.262590851634309e-8
1.7347593592339327e21	5.999521693297627e-11	2.2490167580464408e-8	7.665e-11	2.2626812797397383e-8
1.754867149648145e21	5.961730565990686e-11	2.2491411348317095e-8	7.665e-11	2.2627678653977002e-8
1.775208011717636e21	5.924130155390175e-11	2.249261601025403e-8	7.665e-11	2.262850731180793e-8
1.7957846470020896e21	5.886719993127374e-11	2.2493782760703286e-8	7.665e-11	2.2629299960634557e-8
1.8165997883753287e21	5.849499636537976e-11	2.2494912759139547e-8	7.665e-11	2.2630057755504926e-8
1.837656200388165e21	5.812468546219105e-11	2.249600713104053e-8	7.665e-11	2.263078181650272e-8
1.8589566796356882e21	5.7756262709909644e-11	2.2497066968819914e-8	7.665e-11	2.2631473231529823e-8
1.8805040551285757e21	5.738972324018071e-11	2.249809333273766e-8	7.665e-11	2.263213305597784e-8
1.9023011886689459e21	5.702506214069832e-11	2.249908725178784e-8	7.665e-11	2.2632762313928537e-8
1.9243509752303245e21	5.666227445607237e-11	2.2500049724564542e-8	7.665e-11	2.2633361999020613e-8
1.9466563433422633e21	5.630135518868318e-11	2.2500981720106306e-8	7.665e-11	2.2633933075294987e-8
1.9692202554791654e21	5.594229929953202e-11	2.2501884178719394e-8	7.665e-11	2.2634476478018923e-8
1.9920457084538714e21	5.558510170907985e-11	2.250275801278042e-8	7.665e-11	2.2634993114489498e-8
2.0151357338155504e21	5.522975729808163e-11	2.2503604107518707e-8	7.665e-11	2.2635483864816787e-8
2.038493398252464e21	5.487626090840893e-11	2.2504423321778837e-8	7.665e-11	2.2635949582687244e-8
2.0621218039991362e21	5.4524607343868396e-11	2.2505216488763754e-8	7.665e-11	2.263639109610762e-8
2.086024089248505e21	5.417479137100851e-11	2.2505984416758793e-8	7.665e-11	2.26368092081298e-8
2.1102034285685878e21	5.382680771992229e-11	2.2506727889837165e-8	7.665e-11	2.2637204697557088e-8
2.1346630333242454e21	5.348065108503824e-11	2.2507447668547165e-8	7.665e-11	2.2637578319632202e-8
2.1594061521035586e21	5.313631612590758e-11	2.2508144490581536e-8	7.665e-11	2.2637930806707444e-8
2.1844360711494285e21	5.279379746797947e-11	2.2508819071429456e-8	7.665e-11	2.2638262868897433e-8
2.2097561147958941e21	5.24530897033729e-11	2.2509472105011404e-8	7.665e-11	2.2638575194714774e-8
2.2353696459097965e21	5.2114187391636624e-11	2.251010426429731e-8	7.665e-11	2.2638868451688944e-8
2.2612800663372704e21	5.1777085060505475e-11	2.2510716201908502e-8	7.665e-11	2.2639143286969006e-8
2.2874908173557042e21	5.1441777206645204e-11	2.2511308550703623e-8	7.665e-11	2.2639400327910267e-8
2.3140053801306447e21	5.110825829639372e-11	2.2511881924348988e-8	7.665e-11	2.263964018264538e-8
2.3408272761782943e21	5.077652276649085e-11	2.251243691787372e-8	7.665e-11	2.263986344064021e-8
2.367960067833069e21	5.0446565024804554e-11	2.2512974108210017e-8	7.665e-11	2.264007067323482e-8
2.3954073587208794e21	5.011837945104577e-11	2.251349405471888e-8	7.665e-11	2.2640262434169925e-8
2.4231727942375907e21	4.979196039747984e-11	2.2513997299701662e-8	7.665e-11	2.2640439260099142e-8
2.45126006203334e21	4.946730218962669e-11	2.251448436889777e-8	7.665e-11	2.2640601671087395e-8
2.47967289250215e21	4.91443991269575e-11	2.2514955771968807e-8	7.665e-11	2.2640750171095762e-8
2.508415059277541e21	4.8823245483580434e-11	2.251541200296958e-8	7.665e-11	2.264088524845316e-8
2.5374903797335615e21	4.850383550892272e-11	2.2515853540806142e-8	7.665e-11	2.2641007376315063e-8
2.566902715491952e21	4.8186163428402047e-11	2.2516280849681356e-8	7.665e-11	2.2641117013109756e-8
2.596655972934862e21	4.787022344409436e-11	2.251669437952806e-8	7.665e-11	2.2641214602972156e-8
2.6267541037238384e21	4.755600973539097e-11	2.251709456643045e-8	7.665e-11	2.264130057616584e-8
2.657201105324496e21	4.724351645965222e-11	2.251748183303361e-8	7.665e-11	2.2641375349493263e-8
2.6880010215376075e21	4.693273775285058e-11	2.2517856588941767e-8	7.665e-11	2.2641439326694617e-8
2.7191579430360077e21	4.66236677302104e-11	2.2518219231105436e-8	7.665e-11	2.2641492898835645e-8
2.7506760079080675e21	4.6316300486836896e-11	2.2518570144197724e-8	7.665e-11	2.264153644468456e-8
2.7825594022071144e21	4.601063009834219e-11	2.2518909700980077e-8	7.665e-11	2.264157033107842e-8
2.8148123605075813e21	4.570665062146085e-11	2.2519238262657784e-8	7.665e-11	2.2641594913279243e-8
2.847439166467236e21	4.5404356094661974e-11	2.2519556179225438e-8	7.665e-11	2.2641610535320098e-8
2.880444153396298e21	4.510374053875114e-11	2.2519863789802622e-8	7.665e-11	2.2641617530341373e-8
2.913831704832777e21	4.480479795746937e-11	2.2520161422960126e-8	7.665e-11	2.2641616220917593e-8
2.9476062551248585e21	4.450752233808107e-11	2.252044939703684e-8	7.665e-11	2.264160691937492e-8
2.981772290019661e21	4.4211907651959904e-11	2.252072802044768e-8	7.665e-11	2.2641589928099638e-8
3.016334347259197e21	4.391794785516562e-11	2.2520997591982677e-8	7.665e-11	2.2641565539837843e-8
3.051297017182858e21	4.3625636889014286e-11	2.2521258401097513e-8	7.665e-11	2.2641534037986525e-8
3.0866649433372743e21	4.333496846875857e-11	2.2521510728195764e-8	7.665e-11	2.264149569666452e-8
3.122442823092845e21	4.3045936936497057e-11	2.252175484490294e-8	7.665e-11	2.2641450781839437e-8
3.158635408267819e21	4.275853597586233e-11	2.252199101433272e-8	7.665e-11	2.264139955030858e-8
3.1952475057592006e21	4.247275947477491e-11	2.252221949134542e-8	7.665e-11	2.2641342250820194e-8
3.2322839781813807e21	4.218860130916729e-11	2.2522440522799028e-8	7.665e-11	2.2641279124108194e-8
3.2697497445117544e21	4.1906055343517696e-11	2.2522654347792904e-8	7.665e-11	2.2641210403136422e-8
3.3076497807442423e21	4.162511543137474e-11	2.2522861197904445e-8	7.665e-11	2.264113631333582e-8
3.3459891205499613e21	4.134577541587869e-11	2.2523061297418803e-8	7.665e-11	2.264105707283468e-8
3.384772855945983e21	4.1068029130273786e-11	2.25232548635519e-8	7.665e-11	2.2640972892682172e-8
3.4240061379714115e21	4.079187039841731e-11	2.252344210666696e-8	7.665e-11	2.2640883977065375e-8
3.463694177371734e21	4.05172932036214e-11	2.252362323048465e-8	7.665e-11	2.264079052368827e-8
3.503842245290661e21	4.024429101195108e-11	2.2523798432286996e-8	7.665e-11	2.2640692723298945e-8
3.544455673970436e21	3.997285763356737e-11	2.2523967903115435e-8	7.665e-11	2.2640590760749002e-8
3.5855398574598023e21	3.970298734204922e-11	2.252413182796285e-8	7.665e-11	2.2640484815304898e-8
3.6271002523306484e21	3.9434673285900745e-11	2.252429038596008e-8	7.665e-11	2.2640375059245978e-8
3.669142378402479e21	3.916790971425732e-11	2.252444375055678e-8	7.665e-11	2.2640261660271037e-8
3.711671819475767e21	3.890269024188156e-11	2.2524592089697008e-8	7.665e-11	2.2640144779938888e-8
3.7546942240733213e21	3.8639008635084586e-11	2.252473556598955e-8	7.665e-11	2.2640024574624634e-8
3.7982153061907363e21	3.837685865508984e-11	2.2524874336873137e-8	7.665e-11	2.2639901195528226e-8
3.8422408460550453e21	3.811623405848361e-11	2.2525008554776842e-8	7.665e-11	2.2639774788835325e-8
3.886776690892668e21	3.785712859765661e-11	2.252513836727554e-8	7.665e-11	2.2639645495873197e-8
3.931828755705754e21	3.759953602124325e-11	2.252526391724084e-8	7.665e-11	2.2639513453262084e-8
3.9774030240580365e21	3.7343450074552184e-11	2.2525385342987386e-8	7.665e-11	2.2639378793061937e-8
4.0235055488692765e21	3.70888644999945e-11	2.252550277841487e-8	7.665e-11	2.2639241642914864e-8
4.0701424532194386e21	3.683577303750325e-11	2.2525616353145657e-8	7.665e-11	2.263910212618316e-8
4.117319931161662e21	3.6584169424950715e-11	2.2525726192658333e-8	7.665e-11	2.2638960362083284e-8
4.165044248545185e21	3.63340473985572e-11	2.2525832418417248e-8	7.665e-11	2.2638816465815803e-8
4.2133217438472717e21	3.608540069329741e-11	2.2525935147998052e-8	7.665e-11	2.263867054869135e-8
4.262158829015325e21	3.5838223043298844e-11	2.2526034495209488e-8	7.665e-11	2.2638522718252786e-8
4.311561990318211e21	3.5592508182237353e-11	2.2526130570211494e-8	7.665e-11	2.263837307839373e-8
4.3615377892080054e21	3.5348249843725184e-11	2.252622347962972e-8	7.665e-11	2.2638221729473445e-8
4.4120928631911717e21	3.510544176169612e-11	2.252631332666651e-8	7.665e-11	2.2638068768428206e-8
4.463233926710397e21	3.486407767078322e-11	2.252640021120855e-8	7.665e-11	2.2637914288879332e-8
4.5149677720360835e21	3.4624151306693657e-11	2.2526484229931247e-8	7.665e-11	2.263775838123794e-8
4.567301270168747e21	3.438565640657633e-11	2.252656547639988e-8	7.665e-11	2.2637601132806457e-8
4.620241371751294e21	3.414858670938669e-11	2.2526644041167667e-8	7.665e-11	2.2637442627877054e-8
4.6737951079924635e21	3.3912935956244256e-11	2.2526720011870813e-8	7.665e-11	2.2637282947827056e-8
4.727969591600371e21	3.3678697890787613e-11	2.252679347332071e-8	7.665e-11	2.2637122171211496e-8
4.782772017727486e21	3.344586625952204e-11	2.252686450759322e-8	7.665e-11	2.2636960373852738e-8
4.838209664925937e21	3.3214434812164785e-11	2.2526933194115254e-8	7.665e-11	2.2636797628927417e-8
4.894289896114531e21	3.298439730198302e-11	2.2526999609748704e-8	7.665e-11	2.2636634007050688e-8
4.951020159556331e21	3.27557474861295e-11	2.2527063828871685e-8	7.665e-11	2.2636469576357814e-8
5.008407989848213e21	3.2528479286839997e-11	2.252712592345746e-8	7.665e-11	2.2636304402744297e-8
5.066461008921248e21	3.23025861446228e-11	2.252718596315074e-8	7.665e-11	2.263613854929536e-8
5.125186927053333e21	3.207806199485745e-11	2.252724401534167e-8	7.665e-11	2.2635972077336526e-8
5.184593543892892e21	3.1854900613484863e-11	2.252730014523764e-8	7.665e-11	2.2635805045851123e-8
5.244688749495119e21	3.1633095781932225e-11	2.2527354415932668e-8	7.665e-11	2.2635637511714598e-8
5.305480525369552e21	3.141264128742086e-11	2.2527406888474796e-8	7.665e-11	2.2635469529762216e-8
5.366976945540476e21	3.119353092326702e-11	2.2527457621931325e-8	7.665e-11	2.263530115285459e-8
5.42918617761892e21	3.097575848918087e-11	2.2527506673452007e-8	7.665e-11	2.2635132431941185e-8
5.49211648388779e21	3.0759317791558356e-11	2.2527554098330283e-8	7.665e-11	2.263496341612184e-8
5.555776222398855e21	3.054420264377132e-11	2.2527599950062623e-8	7.665e-11	2.2634794152706393e-8
5.620173848083188e21	3.0330406866450794e-11	2.2527644280406e-8	7.665e-11	2.2634624687272448e-8
5.68531791387373e21	3.0117924162887895e-11	2.2527687139433542e-8	7.665e-11	2.263445506359643e-8
5.751217071841614e21	2.9906748621672294e-11	2.2527728575588505e-8	7.665e-11	2.2634285324210176e-8
5.817880074344911e21	2.969687395909149e-11	2.2527768635736493e-8	7.665e-11	2.2634115509695584e-8
5.885315775191451e21	2.948829402757603e-11	2.2527807365216066e-8	7.665e-11	2.263394565924364e-8
5.953533130814346e21	2.92810026881753e-11	2.2527844807887768e-8	7.665e-11	2.263377581057594e-8
6.022541201461928e21	2.9074993810813306e-11	2.2527881006181584e-8	7.665e-11	2.2633605999992396e-8
6.092349152400686e21	2.887026138331979e-11	2.2527916001142953e-8	7.665e-11	2.2633436262526273e-8
6.162966255132942e21	2.8666799074125212e-11	2.252794983247728e-8	7.665e-11	2.2633266631551405e-8
6.234401888627839e21	2.8464600892602457e-11	2.252798253859308e-8	7.665e-11	2.263309713948568e-8
6.306665540567406e21	2.8263660746696702e-11	2.2528014156643715e-8	7.665e-11	2.2632927817390412e-8
6.379766808606257e21	2.806397255446652e-11	2.252804472256792e-8	7.665e-11	2.2632758695122386e-8
6.453715401646702e21	2.7865530244317925e-11	2.252807427112888e-8	7.665e-11	2.2632589801373196e-8
6.52852114112782e21	2.7668327755236876e-11	2.2528102835952255e-8	7.665e-11	2.263242116370749e-8
6.604193962330305e21	2.7472359037015717e-11	2.252813044956285e-8	7.665e-11	2.2632252808599864e-8
6.680743915695587e21	2.727761805047801e-11	2.2528157143420203e-8	7.665e-11	2.263208476147068e-8
6.75818116816111e21	2.7084098767697365e-11	2.2528182947953032e-8	7.665e-11	2.263191704672073e-8
6.836516004510211e21	2.689179517221482e-11	2.2528207892592575e-8	7.665e-11	2.263174968776479e-8
6.915758828738525e21	2.6700701259250298e-11	2.2528232005804882e-8	7.665e-11	2.263158270706413e-8
6.995920165435346e21	2.6510810953404164e-11	2.2528255315122068e-8	7.665e-11	2.263141612607547e-8
7.07701066118189e21	2.6322118521397302e-11	2.2528277847172573e-8	7.665e-11	2.2631249965693967e-8
7.159041085964859e21	2.6134617747207612e-11	2.25282996277105e-8	7.665e-11	2.2631084245457704e-8
7.242022334607315e21	2.5948302757355784e-11	2.2528320681643932e-8	7.665e-11	2.2630918984401286e-8
7.325965428215201e21	2.576316760848687e-11	2.252834103306243e-8	7.665e-11	2.2630754200670917e-8
7.41088151564157e21	2.557920637017248e-11	2.252836070526359e-8	7.665e-11	2.2630589911633762e-8
7.496781874966846e21	2.539641312503808e-11	2.2528379720778812e-8	7.665e-11	2.263042613390385e-8
7.583677914997191e21	2.521478196895996e-11	2.2528398101398185e-8	7.665e-11	2.2630262883367142e-8
7.671581176779271e21	2.5034307011246966e-11	2.252841586819463e-8	7.665e-11	2.2630100175205877e-8
7.760503335133571e21	2.4854982374817217e-11	2.252843304154721e-8	7.665e-11	2.262993802392203e-8
7.850456200204478e21	2.467680206474827e-11	2.252844964116376e-8	7.665e-11	2.2629776443228505e-8
7.94145171902934e21	2.4499760497943655e-11	2.2528465686102727e-8	7.665e-11	2.262961544660067e-8
8.033501977124702e21	2.4323851704493533e-11	2.2528481194794347e-8	7.665e-11	2.262945504649884e-8
8.126619200091945e21	2.414906986346607e-11	2.2528496185061162e-8	7.665e-11	2.2629295254924626e-8
8.220815755240507e21	2.3975409168378272e-11	2.2528510674137812e-8	7.665e-11	2.2629136083306187e-8
8.316104153230962e21	2.3802863827353183e-11	2.252852467869025e-8	7.665e-11	2.2628977542517604e-8
8.412497049736084e21	2.3631428063275866e-11	2.25285382148343e-8	7.665e-11	2.2628819642897576e-8
8.510007247122247e21	2.3461096113944386e-11	2.2528551298153657e-8	7.665e-11	2.26286623942676e-8
8.608647696149209e21	2.3291862232219638e-11	2.252856394371726e-8	7.665e-11	2.2628505805949478e-8
8.708431497690724e21	2.3123720686170282e-11	2.2528576166096153e-8	7.665e-11	2.2628349886782322e-8
8.809371904473955e21	2.2956665759216492e-11	2.252858797937975e-8	7.665e-11	2.2628194645138966e-8
8.911482322840201e21	2.279069175026899e-11	2.2528599397191623e-8	7.665e-11	2.2628040088941893e-8
9.01477631452488e21	2.262579297386687e-11	2.2528610432704767e-8	7.665e-11	2.2627886225678634e-8
9.119267598459298e21	2.246196376031077e-11	2.2528621098656317e-8	7.665e-11	2.2627733062416627e-8
9.224970052592137e21	2.2299198455794954e-11	2.252863140736192e-8	7.665e-11	2.262758060581771e-8
9.331897715733238e21	2.2137491422534746e-11	2.2528641370729457e-8	7.665e-11	2.262742886215199e-8
9.440064789417564e21	2.1976837038892974e-11	2.2528651000272507e-8	7.665e-11	2.2627277837311398e-8
9.549485639791966e21	2.181722969950182e-11	2.252866030712323e-8	7.665e-11	2.2627127536822733e-8
9.660174799522606e21	2.165866390233791e-11	2.2528669302044928e-8	7.665e-11	2.2626977965947265e-8
9.772146969725725e21	2.150113381406756e-11	2.252867799544416e-8	7.665e-11	2.2626829129258227e-8
9.885417021919533e21	2.1344634139704537e-11	2.2528686397382432e-8	7.665e-11	2.2626681031522135e-8
1.0e22	2.1189159253178804e-11	2.2528694517587567e-8	7.665e-11	2.2626533676840746e-8
