E	db0_pair_dE	db0_pion_dE	db0_rsh_dE	db0_dE
1.0e17	1.3494339628193369e-19	0.0	7.358487281534e-11	1.3494339628193369e-19
1.011591112223834e17	1.7211565027337658e-19	0.0	7.358487281534e-11	1.7211565027337658e-19
1.023316578330245e17	2.1893514790375366e-19	0.0	7.358487281534e-11	2.1893514790375366e-19
1.0351779556301805e17	2.777475888540248e-19	0.0	7.358487281534e-11	2.777475888540248e-19
1.0471768194855203e17	3.514292577374413e-19	0.0	7.358487281534e-11	3.514292577374413e-19
1.0593147635183744e17	4.434976452050788e-19	0.0	7.358487281534e-11	4.434976452050788e-19
1.0715933998226712e17	5.582430604864961e-19	0.0	7.358487281534e-11	5.582430604864961e-19
1.0840143591783354e17	7.008847950149481e-19	0.0	7.358487281534e-11	7.008847950149481e-19
1.09657929126781e17	8.777559197008864e-19	0.0	7.358487281534e-11	8.777559197008864e-19
1.1092898648952274e17	1.0965213876267392e-18	0.0	7.358487281534e-11	1.0965213876267392e-18
1.1221477682079802e17	1.366434766701981e-18	0.0	7.358487281534e-11	1.366434766701981e-18
1.1351547089210037e17	1.6986396633595083e-18	0.0	7.358487281534e-11	1.6986396633595083e-18
1.148312414543511e17	2.1065226991765407e-18	0.0	7.358487281534e-11	2.1065226991765407e-18
1.1616226326085066e17	2.606125813395215e-18	0.0	7.358487281534e-11	2.606125813395215e-18
1.1750871309048075e17	3.2166266425619602e-18	0.0	7.358487281534e-11	3.2166266425619602e-18
1.1887076977119082e17	3.960896822675904e-18	0.0	7.358487281534e-11	3.960896822675904e-18
1.2024861420374123e17	4.866149244715451e-18	0.0	7.358487281534e-11	4.866149244715451e-18
1.216424293857373e17	5.964686607187534e-18	0.0	7.358487281534e-11	5.964686607187534e-18
1.2305240043592616e17	7.294765017827883e-18	0.0	7.358487281534e-11	7.294765017827883e-18
1.2447871461879112e17	8.901587930861882e-18	0.0	7.358487281534e-11	8.901587930861882e-18
1.2592156136941509e17	1.083844736210177e-17	0.0	7.358487281534e-11	1.083844736210177e-17
1.2738113231864837e17	1.3168031147458812e-17	0.0	7.358487281534e-11	1.3168031147458812e-17
1.288576213185518e17	1.596391687813294e-17	0.0	7.358487281534e-11	1.596391687813294e-17
1.3035122446815142e17	1.931227523187117e-17	0.0	7.358487281534e-11	1.931227523187117e-17
1.3186214013947485e17	2.33138076178836e-17	0.0	7.358487281534e-11	2.33138076178836e-17
1.3339056900390642e17	2.808594534084996e-17	0.0	7.358487281534e-11	2.808594534084996e-17
1.3493671405883064e17	3.3765340004663424e-17	0.0	7.358487281534e-11	3.3765340004663424e-17
1.3650078065460194e17	4.0510677391557146e-17	0.0	7.358487281534e-11	4.0510677391557146e-17
1.3808297652180923e17	4.85058498447665e-17	0.0	7.358487281534e-11	4.85058498447665e-17
1.3968351179887454e17	5.7963525041931e-17	0.0	7.358487281534e-11	5.7963525041931e-17
1.4130259905995336e17	6.912915186790892e-17	0.0	7.358487281534e-11	6.912915186790892e-17
1.4294045334317669e17	8.228544735583807e-17	0.0	7.358487281534e-11	8.228544735583807e-17
1.4459729217920195e17	9.775741164940901e-17	0.0	7.358487281534e-11	9.775741164940901e-17
1.462733356201136e17	1.159179214683728e-16	0.0	7.358487281534e-11	1.159179214683728e-16
1.479688062686396e17	1.371939554719997e-16	0.0	7.358487281534e-11	1.371939554719997e-16
1.4968392930772618e17	1.620735085712571e-16	0.0	7.358487281534e-11	1.620735085712571e-16
1.514189325304352e17	1.9111325580749606e-16	0.0	7.358487281534e-11	1.9111325580749606e-16
1.531740463702086e17	2.249470292615213e-16	0.0	7.358487281534e-11	2.249470292615213e-16
1.5494950393146317e17	2.642951757777897e-16	0.0	7.358487281534e-11	2.642951757777897e-16
1.5674554102056013e17	3.09974865289146e-16	0.0	7.358487281534e-11	3.09974865289146e-16
1.5856239617711373e17	3.629114247505528e-16	0.0	7.358487281534e-11	3.629114247505528e-16
1.6040031070568266e17	4.2415077389150425e-16	0.0	7.358487281534e-11	4.2415077389150425e-16
1.622595287078087e17	4.948730439140304e-16	0.0	7.358487281534e-11	4.948730439140304e-16
1.6414029711444733e17	5.764074616363199e-16	0.0	7.358487281534e-11	5.764074616363199e-16
1.6604286571875296e17	6.702485852314007e-16	0.0	7.358487281534e-11	6.702485852314007e-16
1.6796748720926602e17	7.780739807177442e-16	0.0	7.358487281534e-11	7.780739807177442e-16
1.699144172034626e17	9.01763429739123e-16	0.0	7.358487281534e-11	9.01763429739123e-16
1.7188391428171526e17	1.0434197594730622e-15	0.0	7.358487281534e-11	1.0434197594730622e-15
1.7387624002162506e17	1.2053913940802327e-15	0.0	7.358487281534e-11	1.2053913940802327e-15
1.7589165903277398e17	1.3902967158830076e-15	0.0	7.358487281534e-11	1.3902967158830076e-15
1.7793043899185773e17	1.6010503403724153e-15	0.0	7.358487281534e-11	1.6010503403724153e-15
1.799928506782484e17	1.8408913982985824e-15	0.0	7.358487281534e-11	1.8408913982985824e-15
1.8207916800994624e17	2.1134139164066473e-15	0.0	7.358487281534e-11	2.1134139164066473e-15
1.8418966807997184e17	2.4225994078513548e-15	0.0	7.358487281534e-11	2.4225994078513548e-15
1.8632463119315597e17	2.772851749204199e-15	0.0	7.358487281534e-11	2.772851749204199e-15
1.8848434090338032e17	3.169034446183568e-15	0.0	7.358487281534e-11	3.169034446183568e-15
1.9066908405122518e17	3.616510384590434e-15	0.0	7.358487281534e-11	3.616510384590434e-15
1.9287915080207856e17	4.1211841387449236e-15	0.0	7.358487281534e-11	4.1211841387449236e-15
1.9511483468466163e17	4.689546935373254e-15	0.0	7.358487281534e-11	4.689546935373254e-15
1.9737643263002634e17	5.3287243397019324e-15	0.0	7.358487281534e-11	5.3287243397019324e-15
1.9966424501097933e17	6.046526756960969e-15	0.0	7.358487281534e-11	6.046526756960969e-15
2.0197857568198867e17	6.851502781781711e-15	0.0	7.358487281534e-11	6.851502781781711e-15
2.0431973201952704e17	7.752995507280675e-15	0.0	7.358487281534e-11	7.752995507280675e-15
2.0668802496290906e17	8.761201787003375e-15	0.0	7.358487281534e-11	8.761201787003375e-15
2.09083769055575e17	9.887234558899471e-15	0.0	7.358487281534e-11	9.887234558899471e-15
2.1150728248688035e17	1.114318820091467e-14	0.0	7.358487281534e-11	1.114318820091467e-14
2.1395888713434214e17	1.2542207011220633e-14	0.0	7.358487281534e-11	1.2542207011220633e-14
2.164389086064029e17	1.4098556769438128e-14	0.0	7.358487281534e-11	1.4098556769438128e-14
2.1894767628566208e17	1.5827699421957355e-14	0.0	7.358487281534e-11	1.5827699421957355e-14
2.2148552337263683e17	1.7746370867308143e-14	0.0	7.358487281534e-11	1.7746370867308143e-14
2.2405278693000182e17	1.9872661830314847e-14	0.0	7.358487281534e-11	1.9872661830314847e-14
2.266498079273702e17	2.222610175478346e-14	0.0	7.358487281534e-11	2.222610175478346e-14
2.2927693128656486e17	2.4827745735340122e-14	0.0	7.358487281534e-11	2.4827745735340122e-14
2.319345059274437e17	2.7700264373364778e-14	0.0	7.358487281534e-11	2.7700264373364778e-14
2.3462288481422624e17	3.0868036487748866e-14	0.0	7.358487281534e-11	3.0868036487748866e-14
2.373424250023876e17	3.435724457764409e-14	0.0	7.358487281534e-11	3.435724457764409e-14
2.4009348768606518e17	3.819597295717408e-14	0.0	7.358487281534e-11	3.819597295717408e-14
2.4287643824604605e17	4.2414308450554523e-14	0.0	7.358487281534e-11	4.2414308450554523e-14
2.45691646298279e17	4.7044443418995647e-14	0.0	7.358487281534e-11	4.7044443418995647e-14
2.4853948574298086e17	5.212078103015534e-14	0.0	7.358487281534e-11	5.212078103015534e-14
2.5142033481427965e17	5.768004269658172e-14	0.0	7.358487281534e-11	5.768004269658172e-14
2.5433457613046586e17	6.376137716550513e-14	0.0	7.358487281534e-11	6.376137716550513e-14
2.572825967447932e17	7.040647148502984e-14	0.0	7.358487281534e-11	7.040647148502984e-14
2.602647881969015e17	7.765966325039936e-14	0.0	7.358487281534e-11	7.765966325039936e-14
2.63281546564802e17	8.556805412708835e-14	0.0	7.358487281534e-11	8.556805412708835e-14
2.6633327251749917e17	9.418162424635994e-14	0.0	7.358487281534e-11	9.418162424635994e-14
2.6942037136818822e17	1.0355334743183433e-13	0.0	7.358487281534e-11	1.0355334743183433e-13
2.725432531281039e17	1.137393064499847e-13	0.0	7.358487281534e-11	1.137393064499847e-13
2.7570233256095827e17	1.247988087860281e-13	0.0	7.358487281534e-11	1.247988087860281e-13
2.788980292380451e17	1.367945018708629e-13	0.0	7.358487281534e-11	1.367945018708629e-13
2.8213076759394707e17	1.4979248777881397e-13	0.0	7.358487281534e-11	1.4979248777881397e-13
2.854009769829249e17	1.6386243720318644e-13	0.0	7.358487281534e-11	1.6386243720318644e-13
2.8870909173592346e17	1.7907770197628596e-13	0.0	7.358487281534e-11	1.7907770197628596e-13
2.920555512182757e17	1.9551542619635118e-13	0.0	7.358487281534e-11	1.9551542619635118e-13
2.95440799888038e17	2.1325665498775427e-13	0.0	7.358487281534e-11	2.1325665498775427e-13
2.988652873550395e17	2.3238644154189745e-13	0.0	7.358487281534e-11	2.3238644154189745e-13
3.0232946844057766e17	2.529939507249581e-13	0.0	7.358487281534e-11	2.529939507249581e-13
3.058338032378444e17	2.751725601697367e-13	0.0	7.358487281534e-11	2.751725601697367e-13
3.093787571730137e17	2.990199572869605e-13	0.0	7.358487281534e-11	2.990199572869605e-13
3.1296480106707635e17	3.2463823309716777e-13	0.0	7.358487281534e-11	3.2463823309716777e-13
3.1659241119835206e17	3.5213397090712033e-13	0.0	7.358487281534e-11	3.5213397090712033e-13
3.2026206936576634e17	3.816183311895316e-13	0.0	7.358487281534e-11	3.816183311895316e-13
3.239742629528195e17	4.1320713073436065e-13	0.0	7.358487281534e-11	4.1320713073436065e-13
3.277294849923395e17	4.470209161664518e-13	0.0	7.358487281534e-11	4.470209161664518e-13
3.3152823423194234e17	4.83185033168514e-13	0.0	7.358487281534e-11	4.83185033168514e-13
3.353710152002943e17	5.218296871438274e-13	0.0	7.358487281534e-11	5.218296871438274e-13
3.392583382740992e17	5.630899989585968e-13	0.0	7.358487281534e-11	5.630899989585968e-13
3.4319071974590566e17	6.071060535073681e-13	0.0	7.358487281534e-11	6.071060535073681e-13
3.4716868189265594e17	6.540229407736682e-13	0.0	7.358487281534e-11	6.540229407736682e-13
3.511927530450742e17	7.039907887447224e-13	0.0	7.358487281534e-11	7.039907887447224e-13
3.5526346765781395e17	7.571647899181833e-13	0.0	7.358487281534e-11	7.571647899181833e-13
3.5938136638046406e17	8.137052177543683e-13	0.0	7.358487281534e-11	8.137052177543683e-13
3.635469961293318e17	8.737774359843931e-13	0.0	7.358487281534e-11	8.737774359843931e-13
3.677609101601046e17	9.375518981964848e-13	0.0	7.358487281534e-11	9.375518981964848e-13
3.7202366814130656e17	1.0052041400604263e-12	0.0	7.358487281534e-11	1.0052041400604263e-12
3.763358362286548e17	1.0769147591826205e-12	0.0	7.358487281534e-11	1.0769147591826205e-12
3.806979871402284e17	1.1528693892576408e-12	0.0	7.358487281534e-11	1.1528693892576408e-12
3.8511070023255846e17	1.2332586615297593e-12	0.0	7.358487281534e-11	1.2332586615297593e-12
3.895745615775501e17	1.3182781583552607e-12	0.0	7.358487281534e-11	1.3182781583552607e-12
3.940901640403464e17	1.4081283552536069e-12	0.0	7.358487281534e-11	1.4081283552536069e-12
3.986581073580439e17	1.5030145558018663e-12	0.0	7.358487281534e-11	1.5030145558018663e-12
4.0327899821937216e17	1.6031468110241897e-12	0.0	7.358487281534e-11	1.6031468110241897e-12
4.0795345034524486e17	1.7087398357904533e-12	0.0	7.358487281534e-11	1.7087398357904533e-12
4.126820845702969e17	1.820012907859275e-12	0.0	7.358487281534e-11	1.820012907859275e-12
4.174655289253135e17	1.9371897624181713e-12	0.0	7.358487281534e-11	1.9371897624181713e-12
4.223044187206689e17	2.0604984733027703e-12	0.0	7.358487281534e-11	2.0604984733027703e-12
4.271993966306776e17	2.1901713219808603e-12	0.0	7.358487281534e-11	2.1901713219808603e-12
4.32151112778978e17	2.3264446642596577e-12	0.0	7.358487281534e-11	2.3264446642596577e-12
4.3716022482485024e17	2.469558777695639e-12	0.0	7.358487281534e-11	2.469558777695639e-12
4.422273980505915e17	2.6197577056490923e-12	0.0	7.358487281534e-11	2.6197577056490923e-12
4.4735330544984634e17	2.777289087931327e-12	0.0	7.358487281534e-11	2.777289087931327e-12
4.525386278170185e17	2.942403984268541e-12	0.0	7.358487281534e-11	2.942403984268541e-12
4.5778405383766163e17	3.1153566863898165e-12	0.0	7.358487281534e-11	3.1153566863898165e-12
4.6309028017997555e17	3.296404524358383e-12	0.0	7.358487281534e-11	3.296404524358383e-12
4.684580115873045e17	3.485807658042651e-12	0.0	7.358487281534e-11	3.485807658042651e-12
4.7388796097176704e17	3.68382886851682e-12	0.0	7.358487281534e-11	3.68382886851682e-12
4.793808495089107e17	3.8907333315330675e-12	0.0	7.358487281534e-11	3.8907333315330675e-12
4.849374067335253e17	4.106788392292745e-12	0.0	7.358487281534e-11	4.106788392292745e-12
4.905583706365046e17	4.332263324234396e-12	0.0	7.358487281534e-11	4.332263324234396e-12
4.962444877628934e17	4.567429087435306e-12	0.0	7.358487281534e-11	4.567429087435306e-12
5.0199651331100794e17	4.812558078719977e-12	0.0	7.358487281534e-11	4.812558078719977e-12
5.0781521123276915e17	5.067923866909079e-12	0.0	7.358487281534e-11	5.067923866909079e-12
5.137013543351339e17	5.333800938876646e-12	0.0	7.358487281534e-11	5.333800938876646e-12
5.196557243827679e17	5.610464420879939e-12	0.0	7.358487281534e-11	5.610464420879939e-12
5.256791122018419e17	5.8981898106292335e-12	0.0	7.358487281534e-11	5.8981898106292335e-12
5.317723177850988e17	6.197252695170856e-12	0.0	7.358487281534e-11	6.197252695170856e-12
5.3793615039806976e17	6.507928463249085e-12	0.0	7.358487281534e-11	6.507928463249085e-12
5.44171428686591e17	6.830492030033427e-12	0.0	7.358487281534e-11	6.830492030033427e-12
5.5047898078549677e17	7.165217530810691e-12	0.0	7.358487281534e-11	7.165217530810691e-12
5.5685964442864314e17	7.512378039103314e-12	0.0	7.358487281534e-11	7.512378039103314e-12
5.633142670601352e17	7.872245264509089e-12	0.0	7.358487281534e-11	7.872245264509089e-12
5.69843705946916e17	8.245089259963894e-12	0.0	7.358487281534e-11	8.245089259963894e-12
5.764488282925873e17	8.631178118955172e-12	0.0	7.358487281534e-11	8.631178118955172e-12
5.831305113526243e17	9.030777677025469e-12	0.0	7.358487281534e-11	9.030777677025469e-12
5.898896425508493e17	9.444151209932283e-12	0.0	7.358487281534e-11	9.444151209932283e-12
5.967271195973335e17	9.871559142018409e-12	0.0	7.358487281534e-11	9.871559142018409e-12
6.036438506075864e17	1.0313258733270479e-11	0.0	7.358487281534e-11	1.0313258733270479e-11
6.106407542232061e17	1.0769503792863504e-11	0.0	7.358487281534e-11	1.0769503792863504e-11
6.177187597338488e17	1.1240544382713436e-11	0.0	7.358487281534e-11	1.1240544382713436e-11
6.248788072006913e17	1.172662651471472e-11	0.0	7.358487281534e-11	1.172662651471472e-11
6.321218475812448e17	1.222799186357742e-11	0.0	7.358487281534e-11	1.222799186357742e-11
6.394488428556963e17	1.2744877486994169e-11	0.0	7.358487281534e-11	1.2744877486994169e-11
6.468607661546321e17	1.327751553066232e-11	0.0	7.358487281534e-11	1.327751553066232e-11
6.543586018883256e17	1.3826132948442922e-11	0.0	7.358487281534e-11	1.3826132948442922e-11
6.619433458774388e17	1.4390951239572298e-11	0.0	7.358487281534e-11	1.4390951239572298e-11
6.696160054853243e17	1.497218615734289e-11	0.0	7.358487281534e-11	1.497218615734289e-11
6.773775997517745e17	1.55700474591846e-11	0.0	7.358487281534e-11	1.55700474591846e-11
6.852291595284086e17	1.6184738649661204e-11	0.0	7.358487281534e-11	1.6184738649661204e-11
6.9317172761554e17	1.6816456700606278e-11	0.0	7.358487281534e-11	1.6816456700606278e-11
7.012063589007205e17	1.7465391844516287e-11	0.0	7.358487281534e-11	1.7465391844516287e-11
7.09334120498799e17	1.8131727301648356e-11	0.0	7.358487281534e-11	1.8131727301648356e-11
7.175560918936951e17	1.8815639061064168e-11	0.0	7.358487281534e-11	1.8815639061064168e-11
7.258733650817245e17	1.9517295648535485e-11	0.0	7.358487281534e-11	1.9517295648535485e-11
7.342870447166788e17	2.023685792404181e-11	0.0	7.358487281534e-11	2.023685792404181e-11
7.427982482564911e17	2.0974478852465756e-11	0.0	7.358487281534e-11	2.0974478852465756e-11
7.514081061116993e17	2.173030331887213e-11	0.0	7.358487281534e-11	2.173030331887213e-11
7.601177617955323e17	2.2504467935109032e-11	0.0	7.358487281534e-11	2.2504467935109032e-11
7.689283720758337e17	2.329710083613704e-11	0.0	7.358487281534e-11	2.329710083613704e-11
7.778411071286482e17	2.4108321531453244e-11	0.0	7.358487281534e-11	2.4108321531453244e-11
7.868571506936876e17	2.4938240744390155e-11	0.0	7.358487281534e-11	2.4938240744390155e-11
7.959777002314977e17	2.578696022077045e-11	0.0	7.358487281534e-11	2.578696022077045e-11
8.052039670825503e17	2.6654572624896346e-11	0.0	7.358487281534e-11	2.6654572624896346e-11
8.145371766280737e17	2.7541161365777807e-11	0.0	7.358487281534e-11	2.7541161365777807e-11
8.239785684528545e17	2.8446800513225856e-11	0.0	7.358487281534e-11	2.8446800513225856e-11
8.335293965098188e17	2.93715546516038e-11	0.0	7.358487281534e-11	2.93715546516038e-11
8.431909292866286e17	3.031547877786467e-11	0.0	7.358487281534e-11	3.031547877786467e-11
8.529644499741016e17	3.127861821869862e-11	0.0	7.358487281534e-11	3.127861821869862e-11
8.628512566366922e17	3.226100852973475e-11	0.0	7.358487281534e-11	3.226100852973475e-11
8.728526623848371e17	3.32626754599357e-11	0.0	7.358487281534e-11	3.32626754599357e-11
8.829699955494118e17	3.428363480942829e-11	0.0	7.358487281534e-11	3.428363480942829e-11
8.932045998580959e17	3.532389245465526e-11	0.0	7.358487281534e-11	3.532389245465526e-11
9.035578346138958e17	3.6383444272590513e-11	0.0	7.358487281534e-11	3.6383444272590513e-11
9.140310748756223e17	3.746227607588528e-11	0.0	7.358487281534e-11	3.746227607588528e-11
9.246257116405772e17	3.8560363675021925e-11	0.0	7.358487281534e-11	3.8560363675021925e-11
9.353431520292376e17	3.9677672760685637e-11	0.0	7.358487281534e-11	3.9677672760685637e-11
9.461848194722031e17	4.081415896996004e-11	0.0	7.358487281534e-11	4.081415896996004e-11
9.571521538991855e17	4.1969767869877465e-11	0.0	7.358487281534e-11	4.1969767869877465e-11
9.682466119303154e17	4.314443497293868e-11	0.0	7.358487281534e-11	4.314443497293868e-11
9.794696670695386e17	4.4338085764955064e-11	0.0	7.358487281534e-11	4.4338085764955064e-11
9.908228099003828e17	4.5550635766719344e-11	0.0	7.358487281534e-11	4.5550635766719344e-11
1.0023075482838643e18	4.678199051197128e-11	0.0	7.358487281534e-11	4.678199051197128e-11
1.0139254075588184e18	4.803204568104824e-11	0.0	7.358487281534e-11	4.803204568104824e-11
1.0256779307444209e18	4.930068708499044e-11	0.0	7.358487281534e-11	4.930068708499044e-11
1.0375666787451891e18	5.05877908164812e-11	0.0	7.358487281534e-11	5.05877908164812e-11
1.0495932305582266e18	5.189322327615613e-11	0.0	7.358487281534e-11	5.189322327615613e-11
1.0617591834830034e18	5.32168412571321e-11	0.0	7.358487281534e-11	5.32168412571321e-11
1.0740661533334323e18	5.455849052012769e-11	0.0	7.358487281534e-11	5.455849052012769e-11
1.0865157746525417e18	5.591801338217219e-11	0.0	7.358487281534e-11	5.591801338217219e-11
1.0991097009294962e18	5.7295232297125246e-11	0.0	7.358487281534e-11	5.7295232297125246e-11
1.1118496048192744e18	5.868997168479108e-11	0.0	7.358487281534e-11	5.868997168479108e-11
1.1247371783647508e18	6.010204035620983e-11	0.0	7.358487281534e-11	6.010204035620983e-11
1.1377741332214949e18	6.153124145210248e-11	0.0	7.358487281534e-11	6.153124145210248e-11
1.1509622008850312e18	6.297736495046613e-11	0.0	7.358487281534e-11	6.297736495046613e-11
1.1643031329208804e18	6.444019636747571e-11	0.0	7.358487281534e-11	6.444019636747571e-11
1.177798701197118e18	6.591951140381816e-11	0.0	7.358487281534e-11	6.591951140381816e-11
1.1914506981197796e18	6.74150749763612e-11	0.0	7.358487281534e-11	6.74150749763612e-11
1.2052609368708413e18	6.892665090980651e-11	0.0	7.358487281534e-11	6.892665090980651e-11
1.2192312516491144e18	7.045398844996406e-11	0.0	7.358487281534e-11	7.045398844996406e-11
1.2333634979137746e18	7.19968331428605e-11	0.0	7.358487281534e-11	7.19968331428605e-11
1.2476595526308736e18	7.355491726679574e-11	0.0	7.358487281534e-11	7.355491726679574e-11
1.2621213145225462e18	7.512797101225245e-11	0.0	7.358487281534e-11	7.512797101225245e-11
1.2767507043192696e18	7.671571557760283e-11	0.0	7.358487281534e-11	7.671571557760283e-11
1.2915496650148828e18	7.831786288503851e-11	0.0	7.358487281534e-11	7.831786288503851e-11
1.3065201621247252e18	7.993412431896258e-11	0.0	7.358487281534e-11	7.993412431896258e-11
1.3216641839466038e18	8.156419863109621e-11	0.0	7.358487281534e-11	8.156419863109621e-11
1.3369837418249508e18	8.320777995410328e-11	0.0	7.358487281534e-11	8.320777995410328e-11
1.352480870417874e18	8.486455836886055e-11	0.0	7.358487281534e-11	8.486455836886055e-11
1.3681576279674762e18	8.653421168029725e-11	0.0	7.358487281534e-11	8.653421168029725e-11
1.3840160965731302e18	8.821641768032589e-11	0.0	7.358487281534e-11	8.821641768032589e-11
1.400058382468102e18	8.991084664795106e-11	0.0	7.358487281534e-11	8.991084664795106e-11
1.4162866162991974e18	9.16171633543615e-11	0.0	7.358487281534e-11	9.16171633543615e-11
1.4327029534098353e18	9.333502483568073e-11	0.0	7.358487281534e-11	9.333502483568073e-11
1.4493095741262152e18	9.506409023767766e-11	0.0	7.358487281534e-11	9.506409023767766e-11
1.466108684046989e18	9.680400710214536e-11	0.0	7.358487281534e-11	9.680400710214536e-11
1.483102514336103e18	9.85544203870434e-11	0.0	7.358487281534e-11	9.85544203870434e-11
1.5002933220192228e18	1.0031497066922861e-10	0.0	7.358487281534e-11	1.0031497066922861e-10
1.5176833902834038e18	1.0208529702475932e-10	0.0	7.358487281534e-11	1.0208529702475932e-10
1.5352750287804275e18	1.0386502682147286e-10	0.0	7.358487281534e-11	1.0386502682147286e-10
1.5530705739334584e18	1.0565379084676978e-10	0.0	7.358487281534e-11	1.0565379084676978e-10
1.5710723892474552e18	1.0745121406352293e-10	0.0	7.358487281534e-11	1.0745121406352293e-10
1.5892828656229763e18	1.0925691784688972e-10	0.0	7.358487281534e-11	1.0925691784688972e-10
1.6077044216738286e18	1.1107051776135413e-10	0.0	7.358487281534e-11	1.1107051776135413e-10
1.6263395040481905e18	1.1289163405676195e-10	0.0	7.358487281534e-11	1.1289163405676195e-10
1.6451905877536676e18	1.1471987670708902e-10	0.0	7.358487281534e-11	1.1471987670708902e-10
1.6642601764859018e18	1.165548554265812e-10	0.0	7.358487281534e-11	1.165548554265812e-10
1.6835508029612076e18	1.1839617748055247e-10	0.0	7.358487281534e-11	1.1839617748055247e-10
1.7030650292528425e18	1.2024344782014091e-10	0.0	7.358487281534e-11	1.2024344782014091e-10
1.7228054471313992e18	1.2209627229494566e-10	0.0	7.358487281534e-11	1.2209627229494566e-10
1.7427746784089172e18	1.2395424633962545e-10	0.0	7.358487281534e-11	1.2395424633962545e-10
1.762975375287211e18	1.258169718001219e-10	0.0	7.358487281534e-11	1.258169718001219e-10
1.7834102207100063e18	1.2768404640378689e-10	0.0	7.358487281534e-11	1.2768404640378689e-10
1.8040819287193884e18	1.2955506640468935e-10	0.0	7.358487281534e-11	1.2955506640468935e-10
1.8249932448161505e18	1.3142962697719492e-10	0.0	7.358487281534e-11	1.3142962697719492e-10
1.8461469463245532e18	1.333073191472414e-10	0.0	7.358487281534e-11	1.333073191472414e-10
1.8675458427610742e18	1.3518774178621965e-10	0.0	7.358487281534e-11	1.3518774178621965e-10
1.889192776207672e18	1.3707048471730489e-10	0.0	7.358487281534e-11	1.3707048471730489e-10
1.9110906216891359e18	1.3895513990431357e-10	0.0	7.358487281534e-11	1.3895513990431357e-10
1.9332422875550513e18	1.4084129898335602e-10	0.0	7.358487281534e-11	1.4084129898335602e-10
1.9556507158659471e18	1.4272855334639855e-10	0.0	7.358487281534e-11	1.4272855334639855e-10
1.9783188827841702e18	1.4461649433430636e-10	0.0	7.358487281534e-11	1.4461649433430636e-10
2.001249798969035e18	1.465047166095029e-10	0.0	7.358487281534e-11	1.465047166095029e-10
2.02444650997681e18	1.4839280600349556e-10	0.0	7.358487281534e-11	1.4839280600349556e-10
2.0479120966650834e18	1.5028035759895098e-10	0.0	7.358487281534e-11	1.5028035759895098e-10
2.0716496756020754e18	1.5216696421589596e-10	0.0	7.358487281534e-11	1.5216696421589596e-10
2.0956623994804308e18	1.540522195536592e-10	0.0	7.358487281534e-11	1.540522195536592e-10
2.1199534575360776e18	1.55935715641243e-10	0.0	7.358487281534e-11	1.55935715641243e-10
2.1445260759716654e18	1.5781705298179838e-10	0.0	7.358487281534e-11	1.5781705298179838e-10
2.169383518385191e18	1.5969582625006356e-10	0.0	7.358487281534e-11	1.5969582625006356e-10
2.1945290862033114e18	1.615716338899944e-10	0.0	7.358487281534e-11	1.615716338899944e-10
2.2199661191199616e18	1.6344407600191467e-10	0.0	7.358487281534e-11	1.6344407600191467e-10
2.2456979955397716e18	1.6531275637885524e-10	0.0	7.358487281534e-11	1.6531275637885524e-10
2.271728133026912e18	1.6717727517414806e-10	0.0	7.358487281534e-11	1.6717727517414806e-10
2.2980599887588488e18	1.6903724019303777e-10	0.0	7.358487281534e-11	1.6903724019303777e-10
2.324697059985655e18	1.7089225979802486e-10	0.0	7.358487281534e-11	1.7089225979802486e-10
2.351642884494346e18	1.7274194488327912e-10	0.0	7.358487281534e-11	1.7274194488327912e-10
2.3789010410789007e18	1.7458590902497284e-10	0.0	7.358487281534e-11	1.7458590902497284e-10
2.406475150015422e18	1.7642376878149393e-10	0.0	7.358487281534e-11	1.7642376878149393e-10
2.434368873543118e18	1.7825514377612166e-10	0.0	7.358487281534e-11	1.7825514377612166e-10
2.4625859163505444e18	1.8007965691171405e-10	0.0	7.358487281534e-11	1.8007965691171405e-10
2.491130026067796e18	1.8189693455707048e-10	0.0	7.358487281534e-11	1.8189693455707048e-10
2.5200049937640893e18	1.8370660685458094e-10	0.0	7.358487281534e-11	1.8370660685458094e-10
2.549214654451431e18	1.855083056195604e-10	0.0	7.358487281534e-11	1.855083056195604e-10
2.578762887593798e18	1.873016755560479e-10	0.0	7.358487281534e-11	1.873016755560479e-10
2.608653617622556e18	1.8908635245753449e-10	0.0	7.358487281534e-11	1.8908635245753449e-10
2.638890814457508e18	1.908619854341378e-10	0.0	7.358487281534e-11	1.908619854341378e-10
2.669478494034329e18	1.9262822623477204e-10	0.0	7.358487281534e-11	1.9262822623477204e-10
2.7004207188377697e18	1.943847313172094e-10	0.0	7.358487281534e-11	1.943847313172094e-10
2.7317215984413844e18	1.9613116254806574e-10	0.0	7.358487281534e-11	1.9613116254806574e-10
2.763385290053167e18	1.978671833854265e-10	0.0	7.358487281534e-11	1.978671833854265e-10
2.795415999067865e18	1.995924731968741e-10	0.0	7.358487281534e-11	1.995924731968741e-10
2.8278179796253384e18	2.0130670703355315e-10	0.0	7.358487281534e-11	2.0130670703355315e-10
2.8605955351757507e18	2.0300956922117647e-10	0.0	7.358487281534e-11	2.0300956922117647e-10
2.8937530190509476e18	2.0470075012328694e-10	0.0	7.358487281534e-11	2.0470075012328694e-10
2.927294835042825e18	2.063799466006522e-10	0.0	7.358487281534e-11	2.063799466006522e-10
2.9612254379880315e18	2.080468619087053e-10	0.0	7.358487281534e-11	2.080468619087053e-10
2.9955493343598223e18	2.0970120604171215e-10	0.0	7.358487281534e-11	2.0970120604171215e-10
3.030271082866393e18	2.1134269586843356e-10	0.0	7.358487281534e-11	2.1134269586843356e-10
3.065395295056536e18	2.129710553325028e-10	0.0	7.358487281534e-11	2.129710553325028e-10
3.1009266359319235e18	2.1458601549080202e-10	0.0	7.358487281534e-11	2.1458601549080202e-10
3.136869824566886e18	2.161873148865904e-10	0.0	7.358487281534e-11	2.161873148865904e-10
3.173229634734973e18	2.1777469959165894e-10	0.0	7.358487281534e-11	2.1777469959165894e-10
3.2100108955431813e18	2.1934792318417837e-10	0.0	7.358487281534e-11	2.1934792318417837e-10
3.2472184920731254e18	2.2090675032906942e-10	0.0	7.358487281534e-11	2.2090675032906942e-10
3.284857366030054e18	2.2245094400225634e-10	0.0	7.358487281534e-11	2.2245094400225634e-10
3.3229325163989683e18	2.2398028446821123e-10	0.0	7.358487281534e-11	2.2398028446821123e-10
3.3614490001087754e18	2.254945572725153e-10	0.0	7.358487281534e-11	2.254945572725153e-10
3.4004119327037025e18	2.2699355587327872e-10	0.0	7.358487281534e-11	2.2699355587327872e-10
3.439826489022935e18	2.2847708203592823e-10	0.0	7.358487281534e-11	2.2847708203592823e-10
3.479697903887688e18	2.2994494582498301e-10	0.0	7.358487281534e-11	2.2994494582498301e-10
3.52003147279669e18	2.3139696559626758e-10	0.0	7.358487281534e-11	2.3139696559626758e-10
3.560832552629274e18	2.32832968056283e-10	0.0	7.358487281534e-11	2.32832968056283e-10
3.602106562357081e18	2.342527883995758e-10	0.0	7.358487281534e-11	2.342527883995758e-10
3.6438589837635405e18	2.3565627002673016e-10	0.0	7.358487281534e-11	2.3565627002673016e-10
3.686095362172169e18	2.3704326482183983e-10	0.0	7.358487281534e-11	2.3704326482183983e-10
3.72882130718283e18	2.3841363297803435e-10	0.0	7.358487281534e-11	2.3841363297803435e-10
3.772042493417009e18	2.397672429197428e-10	0.0	7.358487281534e-11	2.397672429197428e-10
3.815764661271245e18	2.411039714391286e-10	0.0	7.358487281534e-11	2.411039714391286e-10
3.859993617679779e18	2.4242370347346433e-10	0.0	7.358487281534e-11	2.4242370347346433e-10
3.9047352368855557e18	2.437263319408693e-10	0.0	7.358487281534e-11	2.437263319408693e-10
3.949995461220655e18	2.450117580222979e-10	0.0	7.358487281534e-11	2.450117580222979e-10
3.9957803018952653e18	2.4627989045945683e-10	0.0	7.358487281534e-11	2.4627989045945683e-10
4.042095839796318e18	2.475306432459998e-10	0.0	7.358487281534e-11	2.475306432459998e-10
4.088948226294856e18	2.487639464851501e-10	0.0	7.358487281534e-11	2.487639464851501e-10
4.1363436840632863e18	2.499797293399776e-10	0.0	7.358487281534e-11	2.499797293399776e-10
4.184288507901576e18	2.5117793098783117e-10	0.0	7.358487281534e-11	2.5117793098783117e-10
4.232789065573562e18	2.5235849805596186e-10	0.0	7.358487281534e-11	2.5235849805596186e-10
4.281851798652407e18	2.53521384034958e-10	0.0	7.358487281534e-11	2.53521384034958e-10
4.3314832233764116e18	2.5466654949274586e-10	0.0	7.358487281534e-11	2.5466654949274586e-10
4.3816899315141857e18	2.5579396155717874e-10	0.0	7.358487281534e-11	2.5579396155717874e-10
4.4324785912404096e18	2.569035937603831e-10	0.0	7.358487281534e-11	2.569035937603831e-10
4.4838559480211814e18	2.579954262170379e-10	0.0	7.358487281534e-11	2.579954262170379e-10
4.5358288255102003e18	2.590694448352336e-10	0.0	7.358487281534e-11	2.590694448352336e-10
4.588404126454752e18	2.601256415333898e-10	0.0	7.358487281534e-11	2.601256415333898e-10
4.641588833612792e18	2.6116401398465e-10	0.0	7.358487281534e-11	2.6116401398465e-10
4.695390010680053e18	2.6218456526862477e-10	0.0	7.358487281534e-11	2.6218456526862477e-10
4.749814803228514e18	2.6318730363907416e-10	0.0	7.358487281534e-11	2.6318730363907416e-10
4.804870439655124e18	2.641722421881251e-10	0.0	7.358487281534e-11	2.641722421881251e-10
4.860564232142149e18	2.6513939929859095e-10	0.0	7.358487281534e-11	2.6513939929859095e-10
4.916903577628021e18	2.660887973974716e-10	0.0	7.358487281534e-11	2.660887973974716e-10
4.973895958790077e18	2.6702046347678053e-10	0.0	7.358487281534e-11	2.6702046347678053e-10
5.031548945038046e18	2.679344286489005e-10	0.0	7.358487281534e-11	2.679344286489005e-10
5.089870193519695e18	2.688307279364316e-10	0.0	7.358487281534e-11	2.688307279364316e-10
5.148867450137487e18	2.697094018763395e-10	0.0	7.358487281534e-11	2.697094018763395e-10
5.208548550577676e18	2.7057048867001516e-10	0.0	7.358487281534e-11	2.7057048867001516e-10
5.268921421350666e18	2.714140355974973e-10	0.0	7.358487281534e-11	2.714140355974973e-10
5.329994080844104e18	2.7224008907671074e-10	0.0	7.358487281534e-11	2.7224008907671074e-10
5.391774640387494e18	2.7304870422729386e-10	0.0	7.358487281534e-11	2.7304870422729386e-10
5.454271305329847e18	2.738399329511573e-10	0.0	7.358487281534e-11	2.738399329511573e-10
5.517492376129117e18	2.7461383149503497e-10	0.0	7.358487281534e-11	2.7461383149503497e-10
5.581446249454978e18	2.753704583059889e-10	0.0	7.358487281534e-11	2.753704583059889e-10
5.646141419303662e18	2.761098739168298e-10	0.0	7.358487281534e-11	2.761098739168298e-10
5.711586478126447e18	2.7683214085714713e-10	0.0	7.358487281534e-11	2.7683214085714713e-10
5.777790117970495e18	2.775373232168003e-10	0.0	7.358487281534e-11	2.775373232168003e-10
5.84476113163365e18	2.7822548678725015e-10	0.0	7.358487281534e-11	2.7822548678725015e-10
5.912508413831869e18	2.7889669868713054e-10	0.0	7.358487281534e-11	2.7889669868713054e-10
5.981040962380957e18	2.795510272403918e-10	0.0	7.358487281534e-11	2.795510272403918e-10
6.050367879391212e18	2.8018854200897045e-10	0.0	7.358487281534e-11	2.8018854200897045e-10
6.120498372476715e18	2.808093133542739e-10	0.0	7.358487281534e-11	2.808093133542739e-10
6.191441755977834e18	2.8141341281670333e-10	0.0	7.358487281534e-11	2.8141341281670333e-10
6.263207452198705e18	2.8200091237390835e-10	0.0	7.358487281534e-11	2.8200091237390835e-10
6.335804992658242e18	2.825718846893338e-10	0.0	7.358487281534e-11	2.825718846893338e-10
6.40924401935647e18	2.831264032505722e-10	0.0	7.358487281534e-11	2.831264032505722e-10
6.483534286054714e18	2.8366454157834187e-10	0.0	7.358487281534e-11	2.8366454157834187e-10
6.558685659571449e18	2.841863738521275e-10	0.0	7.358487281534e-11	2.841863738521275e-10
6.634708121092337e18	2.846919746490342e-10	0.0	7.358487281534e-11	2.846919746490342e-10
6.711611767496301e18	2.8518142026301377e-10	0.0	7.358487281534e-11	2.8518142026301377e-10
6.789406812696099e18	2.856547801183609e-10	0.0	7.358487281534e-11	2.856547801183609e-10
6.868103588995322e18	2.8611213430286925e-10	0.0	7.358487281534e-11	2.8611213430286925e-10
6.947712548460226e18	2.8655355636578063e-10	0.0	7.358487281534e-11	2.8655355636578063e-10
7.028244264308367e18	2.869791210920719e-10	0.0	7.358487281534e-11	2.869791210920719e-10
7.109709432312424e18	2.8738890362365016e-10	0.0	7.358487281534e-11	2.8738890362365016e-10
7.192118872221208e18	2.877829788712649e-10	0.0	7.358487281534e-11	2.877829788712649e-10
7.275483529196217e18	2.881614217041938e-10	0.0	7.358487281534e-11	2.881614217041938e-10
7.359814475265786e18	2.885243071279745e-10	0.0	7.358487281534e-11	2.885243071279745e-10
7.445122910795128e18	2.8887170977821724e-10	0.0	7.358487281534e-11	2.8887170977821724e-10
7.531420165974391e18	2.8920370433596945e-10	0.0	7.358487281534e-11	2.8920370433596945e-10
7.618717702322984e18	2.8952036557172446e-10	0.0	7.358487281534e-11	2.8952036557172446e-10
7.707027114212319e18	2.8982176783012277e-10	0.0	7.358487281534e-11	2.8982176783012277e-10
7.796360130405221e18	2.901079857432632e-10	0.0	7.358487281534e-11	2.901079857432632e-10
7.886728615614172e18	2.9037909364188683e-10	0.0	7.358487281534e-11	2.9037909364188683e-10
7.978144572076613e18	2.906351658887694e-10	0.0	7.358487281534e-11	2.906351658887694e-10
8.070620141149524e18	2.908762782834573e-10	0.0	7.358487281534e-11	2.908762782834573e-10
8.164167604921456e18	2.9110250227473886e-10	0.0	7.358487281534e-11	2.9110250227473886e-10
8.258799387844289e18	2.913139136710431e-10	0.0	7.358487281534e-11	2.913139136710431e-10
8.354528058382854e18	2.9151058692047565e-10	0.0	7.358487281534e-11	2.9151058692047565e-10
8.451366330684739e18	2.9169259657500414e-10	0.0	7.358487281534e-11	2.9169259657500414e-10
8.549327066268367e18	2.9186001729083905e-10	0.0	7.358487281534e-11	2.9186001729083905e-10
8.648423275731744e18	2.920129236086677e-10	0.0	7.358487281534e-11	2.920129236086677e-10
8.748668120479897e18	2.9215139058067237e-10	0.0	7.358487281534e-11	2.9215139058067237e-10
8.850074914473457e18	2.922754933854551e-10	0.0	7.358487281534e-11	2.922754933854551e-10
8.952657125996382e18	2.9238530748842453e-10	0.0	7.358487281534e-11	2.9238530748842453e-10
9.056428379445313e18	2.924809083176404e-10	0.0	7.358487281534e-11	2.924809083176404e-10
9.161402457138503e18	2.9256237196398003e-10	0.0	7.358487281534e-11	2.9256237196398003e-10
9.267593301146903e18	2.926297748819583e-10	0.0	7.358487281534e-11	2.926297748819583e-10
9.375015015145271e18	2.9268319352145615e-10	0.0	7.358487281534e-11	2.9268319352145615e-10
9.483681866285947e18	2.9272270544272123e-10	0.0	7.358487281534e-11	2.9272270544272123e-10
9.593608287093127e18	2.92748387845305e-10	0.0	7.358487281534e-11	2.92748387845305e-10
9.704808877380327e18	2.927603190094162e-10	0.0	7.358487281534e-11	2.927603190094162e-10
9.81729840618882e18	2.9275857749019796e-10	0.0	7.358487281534e-11	2.9275857749019796e-10
9.931091813749821e18	2.9274324261415804e-10	0.0	7.358487281534e-11	2.9274324261415804e-10
1.004620421346811e19	2.9271439312596385e-10	3.72667363868525e-21	7.358487281534e-11	2.9271439312596385e-10
1.0162650893929972e19	2.9267211112366373e-10	5.6830041227934835e-21	7.358487281534e-11	2.9267211112366373e-10
1.0280447320933077e19	2.926164775268355e-10	8.621165364885106e-21	7.358487281534e-11	2.9261647755002695e-10
1.0399609139541223e19	2.9254757254991764e-10	1.3011021983654082e-20	7.358487281534e-11	2.9254757254991764e-10
1.0520152176161569e19	2.9246547934122364e-10	1.9536196493493128e-20	7.358487281534e-11	2.924654793638867e-10
1.0642092440647268e19	2.923702810333879e-10	2.9186178322399514e-20	7.358487281534e-11	2.923702810781946e-10
1.0765446128423137e19	2.922620612468355e-10	4.338586036645748e-20	7.358487281534e-11	2.922620612911288e-10
1.0890229622637328e19	2.92140904405716e-10	6.417676594365967e-20	7.358487281534e-11	2.921409044495018e-10
1.1016459496336546e19	2.9200689672406637e-10	9.446929052445011e-20	7.358487281534e-11	2.920068968106345e-10
1.1144152514667905e19	2.918601241063013e-10	1.3839200196439888e-19	7.358487281534e-11	2.9186012425605966e-10
1.1273325637104849e19	2.9170067344576795e-10	2.0177291309963554e-19	7.358487281534e-11	2.917006736572571e-10
1.1403996019700355e19	2.9152863262223257e-10	2.9279928935879745e-19	7.358487281534e-11	2.9152863291492474e-10
1.153618101736476e19	2.913440902291795e-10	4.229177671939104e-19	7.358487281534e-11	2.913440906631871e-10
1.1669898186171498e19	2.911471359922584e-10	6.080563228277772e-19	7.358487281534e-11	2.911471365847347e-10
1.1805165285688031e19	2.909378600469561e-10	8.70275175035201e-19	7.358487281534e-11	2.909378609153894e-10
1.194200028133535e19	2.9071635390088583e-10	1.239986538531185e-18	7.358487281534e-11	2.907163551386979e-10
1.2080421346773264e19	2.904827096319338e-10	1.7589251368014822e-18	7.358487281534e-11	2.9048271138843325e-10
1.2220446866314912e19	2.9023702011434044e-10	2.4841048064842633e-18	7.358487281534e-11	2.9023702259208613e-10
1.2362095437367667e19	2.899793794210227e-10	3.493064148957558e-18	7.358487281534e-11	2.8997938291183565e-10
1.250538587290394e19	2.897098822433475e-10	4.890789322589009e-18	7.358487281534e-11	2.8970988712405705e-10
1.2650337203959011e19	2.8942862406460036e-10	6.818808770561276e-18	7.358487281534e-11	2.89428630868301e-10
1.2796968682159442e19	2.891357016741619e-10	9.467087642741578e-18	7.358487281534e-11	2.891357111572715e-10
1.2945299782279133e19	2.8883121211604406e-10	1.3089514622719645e-17	7.358487281534e-11	2.888312252108053e-10
1.3095350204826704e19	2.885152538006775e-10	1.8023977406371908e-17	7.358487281534e-11	2.8851527182496777e-10
1.3247139878661149e19	2.881879256858234e-10	2.471827302845356e-17	7.358487281534e-11	2.8818795039672035e-10
1.3400688963639534e19	2.878493278807904e-10	3.3763404608111457e-17	7.358487281534e-11	2.878493616490888e-10
1.3556017853293662e19	2.874995605721408e-10	4.593618737493011e-17	7.358487281534e-11	2.8749960651109834e-10
1.3713147177539484e19	2.8713872562856344e-10	6.225353608315109e-17	7.358487281534e-11	2.8713878787091397e-10
1.3872097805416182e19	2.8676692544816024e-10	8.404134651900947e-17	7.358487281534e-11	2.8676700949217924e-10
1.403289084785876e19	2.863842629346457e-10	1.1302153174581947e-16	7.358487281534e-11	2.8638437595201364e-10
1.4195547660500986e19	2.8599084201119813e-10	1.5142154601199127e-16	7.358487281534e-11	2.8599099343768485e-10
1.4360089846512636e19	2.855867672341471e-10	2.021116447335252e-16	7.358487281534e-11	2.8558696935737986e-10
1.4526539259467782e19	2.851721439887931e-10	2.6877621074731677e-16	7.358487281534e-11	2.851724127618699e-10
1.4694918006248202e19	2.847470782643403e-10	3.561267466782318e-16	7.358487281534e-11	2.847474343934326e-10
1.486524844997854e19	2.8431167677895834e-10	4.701656175100277e-16	7.358487281534e-11	2.843121469360668e-10
1.5037553212997415e19	2.8386604684074444e-10	6.185113533308694e-16	7.358487281534e-11	2.8386666533955465e-10
1.5211855179861017e19	2.8341029645131364e-10	8.107983208329533e-16	7.358487281534e-11	2.8341110724206666e-10
1.5388177500383494e19	2.8294453436941545e-10	1.0591658701305752e-15	7.358487281534e-11	2.829455935287919e-10
1.5566543592710588e19	2.8246886981587987e-10	1.3788547011201814e-15	7.358487281534e-11	2.8247024866217767e-10
1.57469771464309e19	2.819834121208848e-10	1.7889311941692942e-15	7.358487281534e-11	2.8198520105770437e-10
1.5929502125721197e19	2.8148827236948717e-10	2.3131638587943456e-15	7.358487281534e-11	2.814905855360324e-10
1.6114142772530231e19	2.8098356070142795e-10	2.981079891297552e-15	7.358487281534e-11	2.809865417802026e-10
1.6300923609797378e19	2.8046938896996873e-10	3.8292341486630655e-15	7.358487281534e-11	2.8047321819418034e-10
1.6489869444710683e19	2.7994586857769794e-10	4.90272765663645e-15	7.358487281534e-11	2.799507713063859e-10
1.6681005372000557e19	2.7941311195865163e-10	6.2570181003882304e-15	7.358487281534e-11	2.7941936898289685e-10
1.6874356777273793e19	2.7887123155651195e-10	7.96007067046914e-15	7.358487281534e-11	2.788791916213679e-10
1.7069949340384045e19	2.78320340629974e-10	1.009490406839872e-14	7.358487281534e-11	2.783304355428067e-10
1.7267809038843595e19	2.777605522896157e-10	1.2762593564606284e-14	7.358487281534e-11	2.777733148800914e-10
1.7467962151272421e19	2.7719198027721907e-10	1.6085800664659157e-14	7.358487281534e-11	2.7720806605928e-10
1.7670435260889502e19	2.7661473865179503e-10	2.02129071505912e-14	7.358487281534e-11	2.7663495154279315e-10
1.7875255259042318e19	2.760289415482749e-10	2.5322840148745046e-14	7.358487281534e-11	2.7605426437421385e-10
1.8082449348779555e19	2.7543470338613885e-10	3.1630684219602395e-14	7.358487281534e-11	2.754663340816374e-10
1.8292045048462901e19	2.748321389060521e-10	3.9394186413627105e-14	7.358487281534e-11	2.7487153308676094e-10
1.850407019542306e19	2.7422136291877697e-10	4.892127062748965e-14	7.358487281534e-11	2.742702842053026e-10
1.8718552949655753e19	2.7360249045168683e-10	6.057868817934118e-14	7.358487281534e-11	2.736630691442886e-10
1.893552179756299e19	2.7297563655646457e-10	7.480194314285518e-14	7.358487281534e-11	2.730504384974499e-10
1.915500555573524e19	2.7234091655159944e-10	9.210664141311968e-14	7.358487281534e-11	2.724330231919376e-10
1.937703337477993e19	2.7169844565628195e-10	1.1310142480311142e-13	7.358487281534e-11	2.718115470667382e-10
1.960163474319182e19	2.7104833893962746e-10	1.38502662021134e-13	7.358487281534e-11	2.7118684159997597e-10
1.9828839491270754e19	2.7039071194559404e-10	1.6915108007012034e-13	7.358487281534e-11	2.7055986303036903e-10
2.0058677795082297e19	2.6972567960990917e-10	2.0603052974375107e-13	7.358487281534e-11	2.699317101373771e-10
2.0291180180466823e19	2.6905335774013604e-10	2.5028908927387485e-13	7.358487281534e-11	2.6930364682730576e-10
2.052637752709248e19	2.6837386130420916e-10	3.0326271983307767e-13	7.358487281534e-11	2.686771240196426e-10
2.076430107255779e19	2.676873055662729e-10	3.665016934406383e-13	7.358487281534e-11	2.6805380727230853e-10
2.100498241653911e19	2.6699380467028986e-10	4.4180002182211225e-13	7.358487281534e-11	2.6743560471244795e-10
2.124845352498887e19	2.6629347395445786e-10	5.312281205903575e-13	7.358487281534e-11	2.668247020732512e-10
2.149474673437976e19	2.655864278702001e-10	6.371689429134464e-13	7.358487281534e-11	2.6622359681268026e-10
2.1743894756000846e19	2.6487278091321796e-10	7.62357823573707e-13	7.358487281534e-11	2.6563513873338655e-10
2.1995930680300704e19	2.6415264697335553e-10	9.099262672010932e-13	7.358487281534e-11	2.650625732425043e-10
2.2250887981283738e19	2.6342613994909035e-10	1.0834499145588264e-12	7.358487281534e-11	2.6450958984568267e-10
2.2508800520954573e19	2.626933736839871e-10	1.2870009109462725e-12	7.358487281534e-11	2.639803745959626e-10
2.2769702553816846e19	2.619544616756268e-10	1.5252048921178923e-12	7.358487281534e-11	2.634796665684145e-10
2.3033628731421266e19	2.612095164305503e-10	1.8033027875904509e-12	7.358487281534e-11	2.630128192133191e-10
2.3300614106969293e19	2.604586507863448e-10	2.127217623383146e-12	7.358487281534e-11	2.625858684067402e-10
2.357069413996723e19	2.597019769786694e-10	2.5036264865392046e-12	7.358487281534e-11	2.6220560346643344e-10
2.3843904700937253e19	2.58939606930114e-10	2.940037784017715e-12	7.358487281534e-11	2.6187964471190535e-10
2.412028207618002e19	2.5817165188625124e-10	3.444873897691453e-12	7.358487281534e-11	2.616165257807186e-10
2.4399862972595552e19	2.5739822307241116e-10	4.0275593118230244e-12	7.358487281534e-11	2.6142578238776485e-10
2.4682684522556875e19	2.5661943074028744e-10	4.698614229358781e-12	7.358487281534e-11	2.6131804497781513e-10
2.4968784288843317e19	2.5583538532194406e-10	5.4697536783642654e-12	7.358487281534e-11	2.6130513899650373e-10
2.5258200269627793e19	2.5504619614503383e-10	6.353992031688098e-12	7.358487281534e-11	2.6140018817384594e-10
2.555097090352512e19	2.5425197236187043e-10	7.365752828503339e-12	7.358487281534e-11	2.616177251839587e-10
2.5847135074695586e19	2.5345282237625817e-10	8.520983731773525e-12	7.358487281534e-11	2.619738060968978e-10
2.6146732118010974e19	2.5264885434795727e-10	9.83727637624983e-12	7.358487281534e-11	2.624861307276978e-10
2.6449801824277144e19	2.518401756167432e-10	1.1333990826574119e-11	7.358487281534e-11	2.6317416644317646e-10
2.6756384445520507e19	2.510268928955857e-10	1.303238425750679e-11	7.358487281534e-11	2.640592771515609e-10
2.7066520700332356e19	2.502091123977253e-10	1.4955743460004258e-11	7.358487281534e-11	2.6516485586364786e-10
2.7380251779278635e19	2.493869400242654e-10	1.7129520629026208e-11	7.358487281534e-11	2.665164606536998e-10
2.7697619350368854e19	2.48560480556968e-10	1.9581471865123857e-11	7.358487281534e-11	2.681419524261268e-10
2.801866556459201e19	2.477298383350673e-10	2.2341797796852747e-11	7.358487281534e-11	2.7007163614521576e-10
2.8343433061513036e19	2.468951169608639e-10	2.544328546758172e-11	7.358487281534e-11	2.72338402419771e-10
2.8671964974937756e19	2.4605641935739937e-10	2.892145087033138e-11	7.358487281534e-11	2.7497787023422714e-10
2.9004304938639856e19	2.4521384816726913e-10	3.2814681074833106e-11	7.358487281534e-11	2.7802852924390035e-10
2.934049709215793e19	2.443675048235566e-10	3.716437517876981e-11	7.358487281534e-11	2.8153187999877134e-10
2.9680586086655963e19	2.4351749024196867e-10	4.201508293091869e-11	7.358487281534e-11	2.8553257318292836e-10
3.0024617090855555e19	2.426639044655695e-10	4.741464011101003e-11	7.358487281534e-11	2.9007854457682766e-10
3.0372635797033054e19	2.4180684721254903e-10	5.341429942945294e-11	7.358487281534e-11	2.9522114664862527e-10
3.0724688427090096e19	2.4094641694307154e-10	6.006885585548736e-11	7.358487281534e-11	3.0101527280195385e-10
3.1080821738690576e19	2.4008271268950005e-10	6.743676507801071e-11	7.358487281534e-11	3.075194777718256e-10
3.1441083031472714e19	2.3921582975586086e-10	7.558025402396799e-11	7.358487281534e-11	3.1479608379309915e-10
3.180552015332913e19	2.383458655452014e-10	8.456542195171246e-11	7.358487281534e-11	3.229112874936343e-10
3.217418150676378e19	2.3747291562543934e-10	9.446233096526822e-11	7.358487281534e-11	3.319352465842236e-10
3.2547116055318413e19	2.3659707499730886e-10	1.0534508463583608e-10	7.358487281534e-11	3.4194215963863893e-10
3.2924373330077757e19	2.357184376115669e-10	1.1729189345898232e-10	7.358487281534e-11	3.530103310687389e-10
3.330600343624582e19	2.3483709656320243e-10	1.3038512570222885e-10	7.358487281534e-11	3.652222222824325e-10
3.369205705980274e19	2.339531444850264e-10	1.447113427551656e-10	7.358487281534e-11	3.7866448724638384e-10
3.408258547423445e19	2.3306667313085857e-10	1.6036131732317257e-10	7.358487281534e-11	3.9342799045840317e-10
3.447764054734471e19	2.3217777298667243e-10	1.7743003360977443e-10	7.358487281534e-11	4.096078066016332e-10
3.4877274748141703e19	2.3128653437154165e-10	1.9601666823502399e-10	7.358487281534e-11	4.2730320260143867e-10
3.5281541153808904e19	2.303930462067504e-10	2.1622455115618163e-10	7.358487281534e-11	4.466175973663108e-10
3.5690493456752222e19	2.2949739676549895e-10	2.381611049568996e-10	7.358487281534e-11	4.676585017324188e-10
3.6104185971733447e19	2.2859967377789515e-10	2.6193776248971896e-10	7.358487281534e-11	4.905374362758687e-10
3.652267364308168e19	2.2769996352318335e-10	2.876698614602945e-10	7.358487281534e-11	5.153698249671579e-10
3.69460120519931e19	2.2679835122288552e-10	3.1547651586351356e-10	7.358487281534e-11	5.422748670896256e-10
3.737425742391057e19	2.2589492416407818e-10	3.4548046308503375e-10	7.358487281534e-11	5.713753872363535e-10
3.780746663599357e19	2.249897638376185e-10	3.7780788730679197e-10	7.358487281534e-11	6.027976511412574e-10
3.824569722466991e19	2.2408295444534293e-10	4.1258821763266213e-10	7.358487281534e-11	6.366711720655374e-10
3.868900739327984e19	2.2317457828547547e-10	4.499539022023739e-10	7.358487281534e-11	6.731284804847681e-10
3.913745601980376e19	2.2226471671188686e-10	4.900401575678865e-10	7.358487281534e-11	7.123048742767275e-10
3.959110266468467e19	2.2135345037921827e-10	5.329846935718008e-10	7.358487281534e-11	7.543381439570411e-10
4.0050007578736026e19	2.2044085913818373e-10	5.789274150770499e-10	7.358487281534e-11	7.993682742152336e-10
4.051423171114656e19	2.19527021749628e-10	6.280100986042486e-10	7.358487281534e-11	8.475371203597615e-10
4.098383671757253e19	2.1861201624665826e-10	6.803760489164288e-10	7.358487281534e-11	8.989880651689045e-10
4.14588849683292e19	2.176959198814822e-10	7.361697309050362e-10	7.358487281534e-11	9.538656507865183e-10
4.1939439556671775e19	2.1677880873482203e-10	7.955363841315374e-10	7.358487281534e-11	1.0123151928720442e-9
4.242556430717786e19	2.158607583188334e-10	8.586216139764441e-10	7.358487281534e-11	1.0744823722952775e-9
4.291732378422148e19	2.1494184316173733e-10	9.255709684955925e-10	7.358487281534e-11	1.14051281165733e-9
4.341478330055102e19	2.1402213644264807e-10	9.96529495552788e-10	7.358487281534e-11	1.2105516320064194e-9
4.391800892596077e19	2.1310171184525565e-10	1.0716412867915556e-9	7.358487281534e-11	1.284742998658526e-9
4.4427067496068915e19	2.1218064150726532e-10	1.151049008400143e-9	7.358487281534e-11	1.3632296499181413e-9
4.494202662119133e19	2.1125899540289077e-10	1.2348934182721874e-9	7.358487281534e-11	1.446152413664468e-9
4.546295469532409e19	2.103368442515818e-10	1.3233128781289006e-9	7.358487281534e-11	1.5336497224119478e-9
4.598992090522429e19	2.0941425714921746e-10	1.416442852458964e-9	7.358487281534e-11	1.625857109628918e-9
4.652299523960199e19	2.084913029466513e-10	1.5144154094042125e-9	7.358487281534e-11	1.7229067123508637e-9
4.706224849841272e19	2.0756804908337933e-10	1.6173587126603366e-9	7.358487281534e-11	1.82492676176398e-9
4.760775230226378e19	2.0664456236348075e-10	1.7253965159033643e-9	7.358487281534e-11	1.932041078286877e-9
4.815957910192341e19	2.0572090868955577e-10	1.8386476600965607e-9	7.358487281534e-11	2.0443685687861163e-9
4.871780218794641e19	2.0479715222759881e-10	1.9572255710888197e-9	7.358487281534e-11	2.162022723335994e-9
4.9282495700405035e19	2.0387335913859972e-10	2.081237769479534e-9	7.358487281534e-11	2.2851111285987826e-9
4.985373463873904e19	2.0294959177791075e-10	2.2107853832505337e-9	7.358487281534e-11	2.413734975009315e-9
5.043159487171348e19	2.020259126488162e-10	2.3459626774958778e-9	7.358487281534e-11	2.5479885901257837e-9
5.101615314749844e19	2.0110238352919407e-10	2.4868565943369176e-9	7.358487281534e-11	2.6879589778474183e-9
5.160748710385897e19	2.0017906517413958e-10	2.6335463101260145e-9	7.358487281534e-11	2.8337253753186338e-9
5.220567527846986e19	1.9925601784295579e-10	2.7861028105527238e-9	7.358487281534e-11	2.985358828413947e-9
5.28107971193432e19	1.983333005988564e-10	2.9445884862879585e-9	7.358487281534e-11	3.142921786886815e-9
5.342293299538363e19	1.9741097178117168e-10	3.1090567522695952e-9	7.358487281534e-11	3.306467724068618e-9
5.404216420705904e19	1.9648908994035298e-10	3.2795516891299782e-9	7.358487281534e-11	3.4760407790350377e-9
5.466857299720192e19	1.9556771020816735e-10	3.4561077125622336e-9	7.358487281534e-11	3.6516754227529566e-9
5.530224256192889e19	1.9464688829661077e-10	3.6387492694027362e-9	7.358487281534e-11	3.8333961576821025e-9
5.594325706169389e19	1.9372668132936582e-10	3.827490565971405e-9	7.358487281534e-11	4.021217247283724e-9
5.659170163246231e19	1.9280714253033454e-10	4.022335323264333e-9	7.358487281534e-11	4.215142465794667e-9
5.7247662397021905e19	1.918883257688539e-10	4.223276567798242e-9	7.358487281534e-11	4.41516489351712e-9
5.791122647641747e19	1.9097028347525711e-10	4.430296454476454e-9	7.358487281534e-11	4.621266737902308e-9
5.858248200152548e19	1.900530679043296e-10	4.643366122994403e-9	7.358487281534e-11	4.8334191908987325e-9
5.92615181247554e19	1.8913673014111052e-10	4.862445590654704e-9	7.358487281534e-11	5.051582320811907e-9
5.994842503189421e19	1.8822132060599615e-10	5.087483681014394e-9	7.358487281534e-11	5.27570500162039e-9
6.064329395408049e19	1.8730688892873878e-10	5.318417986129126e-9	7.358487281534e-11	5.505724875089317e-9
6.1346217179925185e19	1.8639348417330265e-10	5.555174868304685e-9	7.358487281534e-11	5.741568352400259e-9
6.205728806776488e19	1.8548115423326813e-10	5.797669495066267e-9	7.358487281534e-11	5.983150649253432e-9
6.277660105806513e19	1.8456994665124614e-10	6.045805915963707e-9	7.358487281534e-11	6.230375862614953e-9
6.350425168595949e19	1.8365990807669302e-10	6.2994771652073505e-9	7.358487281534e-11	6.483137073299061e-9
6.424033659394204e19	1.827510841911363e-10	6.558565410545273e-9	7.358487281534e-11	6.741316494677028e-9
6.498495354469875e19	1.8184352040238987e-10	6.822942131850945e-9	7.358487281534e-11	7.004785652282685e-9
6.5738201434095985e19	1.8093726105568204e-10	7.092468333445603e-9	7.358487281534e-11	7.2734055944722715e-9
6.650018030431105e19	1.8003234980281557e-10	7.366994789518406e-9	7.358487281534e-11	7.547027139335563e-9
6.72709913571235e19	1.7912882949334662e-10	7.646362326133672e-9	7.358487281534e-11	7.825491155541959e-9
6.805073696735193e19	1.7822674264821567e-10	7.930402127456733e-9	7.358487281534e-11	8.10862887017502e-9
6.88395206964551e19	1.773261306407087e-10	8.218936075820682e-9	7.358487281534e-11	8.39626220641983e-9
6.963744730628208e19	1.764270342892112e-10	8.511777117625663e-9	7.358487281534e-11	8.688204151955957e-9
7.044462277299052e19	1.7552949392310701e-10	8.808729661301979e-9	7.358487281534e-11	8.984259155238624e-9
7.126115430111731e19	1.7463354889561415e-10	9.109589989015518e-9	7.358487281534e-11	9.284223538098492e-9
7.20871503378215e19	1.737392378974172e-10	9.414146700894152e-9	7.358487281534e-11	9.58788593879157e-9
7.292272058728298e19	1.7284659927589626e-10	9.722181180412197e-9	7.358487281534e-11	9.895027779845027e-9
7.376797602527746e19	1.719556701175354e-10	1.0033468074912237e-8	7.358487281534e-11	1.0205423744978062e-8
7.462302891391092e19	1.71066487386864e-10	1.0347775789274851e-8	7.358487281534e-11	1.0518842276674495e-8
7.548799281653447e19	1.7017908720732876e-10	1.0664867007112672e-8	7.358487281534e-11	1.0835046094446335e-8
7.636298261282226e19	1.6929350487786184e-10	1.0984499217505836e-8	7.358487281534e-11	1.1153792722233834e-8
7.724811451403416e19	1.6840977533349712e-10	1.130642525591394e-8	7.358487281534e-11	1.147483503132151e-8
7.814350607844526e19	1.675279325621469e-10	1.1630393847336822e-8	7.358487281534e-11	1.179792177989897e-8
7.904927622696436e19	1.6664801029187067e-10	1.1956150167049192e-8	7.358487281534e-11	1.212279817738932e-8
7.99655452589233e19	1.6577004197599085e-10	1.2283436394626175e-8	7.358487281534e-11	1.2449206436673722e-8
8.089243486805955e19	1.6489405839742339e-10	1.2611992291156819e-8	7.358487281534e-11	1.2776886349436348e-8
8.183006815867373e19	1.640200919638565e-10	1.2941555743627603e-8	7.358487281534e-11	1.3105575835521533e-8
8.27785696619849e19	1.6314817361523075e-10	1.3271863353941593e-8	7.358487281534e-11	1.3435011527372491e-8
8.373806535266473e19	1.6227833385762222e-10	1.360265098066399e-8	7.358487281534e-11	1.3764929314794944e-8
8.47086826655742e19	1.6141060239961404e-10	1.3933654300570017e-8	7.358487281534e-11	1.4095064903194797e-8
8.56905505126833e19	1.6054500794730437e-10	1.4264609363626472e-8	7.358487281534e-11	1.4425154371707327e-8
8.668379930019792e19	1.5968158047856645e-10	1.4595253127720234e-8	7.358487281534e-11	1.4754934708044776e-8
8.76885609458741e19	1.5882034727178872e-10	1.4925323997405376e-8	7.358487281534e-11	1.508414434491643e-8
8.870496889654421e19	1.5796133580552967e-10	1.525456234143452e-8	7.358487281534e-11	1.5412523677283055e-8
8.9733158145835e19	1.5710457304118375e-10	1.5582710998411795e-8	7.358487281534e-11	1.5739815571495493e-8
9.077326525210242e19	1.56250086014563e-10	1.590951577151141e-8	7.358487281534e-11	1.6065765857546986e-8
9.182542835656263e19	1.5539789893904856e-10	1.6234725911133934e-8	7.358487281534e-11	1.6390123810093754e-8
9.288978720164517e19	1.5454803804278648e-10	1.6558094570996178e-8	7.358487281534e-11	1.671264260926483e-8
9.396648314954672e19	1.5370052773561694e-10	1.6879379243002493e-8	7.358487281534e-11	1.70330797708396e-8
9.50556592010121e19	1.5285539227200116e-10	1.719834220020302e-8	7.358487281534e-11	1.735119759253522e-8
9.615746001432076e19	1.5201265529909175e-10	1.7514750882784284e-8	7.358487281534e-11	1.766676353802387e-8
9.727203192450558e19	1.51172339788432e-10	1.7828378292790667e-8	7.358487281534e-11	1.7979550632637925e-8
9.839952296278206e19	1.503344683799417e-10	1.8139003355084767e-8	7.358487281534e-11	1.8289337823387176e-8
9.95400828762154e19	1.4949906297475304e-10	1.8446411243277167e-8	7.358487281534e-11	1.85959103064627e-8
1.0069386314760251e20	1.4866614532209873e-10	1.8750393725636925e-8	7.358487281534e-11	1.8899059870977968e-8
1.0186101701559773e20	1.4783573633078195e-10	1.905074942224877e-8	7.358487281534e-11	1.9198585158298678e-8
1.0304169949505854e20	1.4700785640871586e-10	1.9347284116226277e-8	7.358487281534e-11	1.949429197291265e-8
1.0423606739764032e20	1.4618252572522e-10	1.9639810972018632e-8	7.358487281534e-11	1.9785993497487676e-8
1.0544427935261663e20	1.4535976369594112e-10	1.992815076645295e-8	7.358487281534e-11	2.007351053014889e-8
1.0666649582795409e20	1.4453958957590908e-10	2.0212132102885236e-8	7.358487281534e-11	2.0356671692711488e-8
1.0790287915161815e20	1.4372202175767513e-10	2.0491591573002232e-8	7.358487281534e-11	2.0635313594883643e-8
1.0915359353313934e20	1.4290707841048042e-10	2.0766373919925154e-8	7.358487281534e-11	2.09092809984929e-8
1.104188050854158e20	1.420947771265424e-10	2.1036332160872968e-8	7.358487281534e-11	2.1178426937878594e-8
1.116986818467825e20	1.4128513515500569e-10	2.1301327704654794e-8	7.358487281534e-11	2.144261283963904e-8
1.1299339380332193e20	1.4047816913085998e-10	2.15612304335061e-8	7.358487281534e-11	2.170170860278888e-8
1.143031129114481e20	1.3967389540662343e-10	2.1815918763218817e-8	7.358487281534e-11	2.1955592658925803e-8
1.156280131207373e20	1.3887232986702143e-10	2.206527969013723e-8	7.358487281534e-11	2.2204152020317667e-8
1.169682703970387e20	1.3807348679430996e-10	2.2309208800507676e-8	7.358487281534e-11	2.244728228713892e-8
1.1832406274583755e20	1.3727738314762156e-10	2.2547610288052257e-8	7.358487281534e-11	2.2684887671328838e-8
1.1969557023590452e20	1.3648403241604988e-10	2.27803969287413e-8	7.358487281534e-11	2.2916880960902386e-8
1.210829750232037e20	1.35693448922869e-10	2.3007490033934412e-8	7.358487281534e-11	2.3143183482999054e-8
1.2248646137509333e20	1.3490564601617904e-10	2.3228819401255168e-8	7.358487281534e-11	2.336372504755164e-8
1.2390621569479131e20	1.3412063718345147e-10	2.3444323234569663e-8	7.358487281534e-11	2.357844387187626e-8
1.253424265461402e20	1.3333843540174307e-10	2.3653948062567595e-8	7.358487281534e-11	2.3787286497710645e-8
1.2679528467864314e20	1.3255905292294835e-10	2.3857648623652232e-8	7.358487281534e-11	2.399020767707159e-8
1.2826498305280626e20	1.3178250192191931e-10	2.405538773966517e-8	7.358487281534e-11	2.418717024212242e-8
1.2975171686575841e20	1.3100879407198605e-10	2.4247136188691216e-8	7.358487281534e-11	2.43781449828514e-8
1.3125568357718455e20	1.3023794057074114e-10	2.4432872548148997e-8	7.358487281534e-11	2.456311048912662e-8
1.3277708293554263e20	1.2946995248061455e-10	2.4612583044086016e-8	7.358487281534e-11	2.4742052997184328e-8
1.343161170046018e20	1.2870484016606554e-10	2.478626135579122e-8	7.358487281534e-11	2.4914966196170294e-8
1.3587299019027064e20	1.2794261399058097e-10	2.4953908445841274e-8	7.358487281534e-11	2.508185105998627e-8
1.3744790926775394e20	1.271832834957115e-10	2.511553236574575e-8	7.358487281534e-11	2.5242715649283092e-8
1.3904108340900669e20	1.2642685833714817e-10	2.5271148044528088e-8	7.358487281534e-11	2.539757490278293e-8
1.4065272421052393e20	1.2567334751676265e-10	2.542077707480062e-8	7.358487281534e-11	2.554645042243943e-8
1.422830457214349e20	1.249227596722142e-10	2.556444750363506e-8	7.358487281534e-11	2.5689370263454734e-8
1.4393226447194094e20	1.2417510336074272e-10	2.5702193602638712e-8	7.358487281534e-11	2.5826368705257357e-8
1.4560059950206455e20	1.2343038639368173e-10	2.5834055631724874e-8	7.358487281534e-11	2.5957486018629452e-8
1.4728827239075049e20	1.226886165761865e-10	2.5960079602352337e-8	7.358487281534e-11	2.6082768218811975e-8
1.4899550728528508e20	1.2194980174431403e-10	2.6080317052900683e-8	7.358487281534e-11	2.6202266855195457e-8
1.5072253093107587e20	1.2121394748335167e-10	2.619482477317761e-8	7.358487281534e-11	2.6316038720825473e-8
1.5246957270175698e20	1.2048106187039909e-10	2.6303664597748098e-8	7.358487281534e-11	2.6424145659768612e-8
1.5423686462966304e20	1.1975115102823876e-10	2.6406903120560597e-8	7.358487281534e-11	2.6526654271873262e-8
1.5602464143663648e20	1.1902422065189683e-10	2.650461147673665e-8	7.358487281534e-11	2.6623635697877533e-8
1.5783314056521197e20	1.1830027679319238e-10	2.6596865077586997e-8	7.358487281534e-11	2.6715165354428527e-8
1.596626022101422e20	1.1757932477604086e-10	2.6683743354172477e-8	7.358487281534e-11	2.6801322679175495e-8
1.615132693503093e20	1.1686136974408547e-10	2.6765329528084733e-8	7.358487281534e-11	2.68821908984429e-8
1.6338538778098572e20	1.1614641656472315e-10	2.6841710344223784e-8	7.358487281534e-11	2.6957856760846874e-8
1.652792061464897e20	1.1543446980896798e-10	2.691297585099079e-8	7.358487281534e-11	2.7028410321226744e-8
1.671949759731985e20	1.1472553366447012e-10	2.6979219128965048e-8	7.358487281534e-11	2.7093944662583886e-8
1.6913295170296506e20	1.1401961222689742e-10	2.704053607723367e-8	7.358487281534e-11	2.7154555689843995e-8
1.71093390726901e20	1.1331670901366125e-10	2.7097025151985003e-8	7.358487281534e-11	2.7210341861110145e-8
1.7307655341957277e20	1.1261682761294563e-10	2.7148787153271272e-8	7.358487281534e-11	2.7261403981688698e-8
1.7508270317357197e20	1.1191997098166985e-10	2.7195924981319863e-8	7.358487281534e-11	2.730784495322752e-8
1.7711210643450905e20	1.1122614215893926e-10	2.7238543447261312e-8	7.358487281534e-11	2.7349769589474096e-8
1.791650327363896e20	1.1053534360067177e-10	2.7276748996795373e-8	7.358487281534e-11	2.7387284341226416e-8
1.8124175473742394e20	1.0984757765397095e-10	2.7310649549461736e-8	7.358487281534e-11	2.7420497127368278e-8
1.833425482562285e20	1.0916284662523244e-10	2.7340354261104774e-8	7.358487281534e-11	2.744951710830218e-8
1.8546769230847014e20	1.0848115204133167e-10	2.736597333710195e-8	7.358487281534e-11	2.747445448834113e-8
1.8761746914391156e20	1.0780249641145694e-10	2.7387617814745216e-8	7.358487281534e-11	2.7495420311410827e-8
1.8979216428391032e20	1.0712687938193207e-10	2.7405399410262252e-8	7.358487281534e-11	2.7512526289614035e-8
1.919920665593279e20	1.0645430301479743e-10	2.741943029481848e-8	7.358487281534e-11	2.7525884597634585e-8
1.9421746814890285e20	1.0578476794876526e-10	2.7429822924936534e-8	7.358487281534e-11	2.7535607692659422e-8
1.9646866461804406e20	1.0511827499359762e-10	2.74366899098368e-8	7.358487281534e-11	2.7541808185597344e-8
1.987459549580986e20	1.0445482433330567e-10	2.744014378782506e-8	7.358487281534e-11	2.754459861248466e-8
2.0104964162604928e20	1.0379441625403425e-10	2.744029692212039e-8	7.358487281534e-11	2.7544091339029024e-8
2.033800305846984e20	1.0313705055680371e-10	2.74372613114238e-8	7.358487281534e-11	2.754039836129599e-8
2.0573743134329074e20	1.0248272705779779e-10	2.7431148461149492e-8	7.358487281534e-11	2.7533631189088014e-8
2.0812215699863414e20	1.0183144523014328e-10	2.7422069253443462e-8	7.358487281534e-11	2.752390069795877e-8
2.1053452427666997e20	1.011832042143311e-10	2.7410133808295938e-8	7.358487281534e-11	2.7511317012972305e-8
2.1297485357455232e20	1.0053800321344596e-10	2.7395451352833642e-8	7.358487281534e-11	2.74959893566919e-8
2.1544346900318778e20	9.989584096749928e-11	2.737813010643593e-8	7.358487281534e-11	2.7478025947297194e-8
2.179406984302958e20	9.925671553484935e-11	2.735827720090845e-8	7.358487281534e-11	2.7457533916320775e-8
2.204668735239403e20	9.862062725576583e-11	2.7335998532446572e-8	7.358487281534e-11	2.7434619159442797e-8
2.2302232979659407e20	9.798757243085196e-11	2.7311398674771592e-8	7.358487281534e-11	2.7409386247441907e-8
2.2560740664968544e20	9.735754983183206e-11	2.7284580826225716e-8	7.358487281534e-11	2.7381938376666257e-8
2.2822244741869008e20	9.673055722824276e-11	2.7255646666394412e-8	7.358487281534e-11	2.7352377223455507e-8
2.3086779941871626e20	9.610659232831062e-11	2.7224696327431997e-8	7.358487281534e-11	2.7320802919760308e-8
2.335438139906482e20	9.548565257884597e-11	2.719182828940282e-8	7.358487281534e-11	2.728731394203067e-8
2.3625084654779403e20	9.486773530177322e-11	2.715713933295309e-8	7.358487281534e-11	2.7252007068206425e-8
2.3898925662310528e20	9.425283763004626e-11	2.7120724456150456e-8	7.358487281534e-11	2.7214977293477228e-8
2.4175940791691235e20	9.36409564796022e-11	2.7082676862552293e-8	7.358487281534e-11	2.71763178183534e-8
2.445616683452449e20	9.303208858581468e-11	2.704308785332908e-8	7.358487281534e-11	2.713611994179011e-8
2.4739641008868065e20	9.242623069189725e-11	2.7002046832536723e-8	7.358487281534e-11	2.709447306344449e-8
2.5026400964179218e20	9.182337906909017e-11	2.6959641252908023e-8	7.358487281534e-11	2.7051464631535077e-8
2.5316484786313478e20	9.122353001894927e-11	2.6915956553266413e-8	7.358487281534e-11	2.7007180082185396e-8
2.560993100258462e20	9.062667965666338e-11	2.687107617994528e-8	7.358487281534e-11	2.6961702859780692e-8
2.590677858688001e20	9.003282401828293e-11	2.6825081519850192e-8	7.358487281534e-11	2.691511434432494e-8
2.620706696483855e20	8.944195872409401e-11	2.677805189384516e-8	7.358487281534e-11	2.6867493851623115e-8
2.651083601908531e20	8.885407952850029e-11	2.673006455338283e-8	7.358487281534e-11	2.6818918633486896e-8
2.6818126094530183e20	8.826918185127692e-11	2.6681194650151565e-8	7.358487281534e-11	2.676946383067998e-8
2.712897800372459e20	8.768726111402948e-11	2.6631515231380163e-8	7.358487281534e-11	2.671920249225515e-8
2.744343303228368e20	8.710831242851274e-11	2.6581097242871887e-8	7.358487281534e-11	2.666820555473049e-8
2.7761532944367924e20	8.653233089710775e-11	2.6530009533959303e-8	7.358487281534e-11	2.6616541865254898e-8
2.8083319988231756e20	8.595931126826049e-11	2.6478318831245186e-8	7.358487281534e-11	2.6564278142771534e-8
2.8408836901832953e20	8.538924860916938e-11	2.642608977479105e-8	7.358487281534e-11	2.6511479023104808e-8
2.8738126918510694e20	8.482213731335278e-11	2.6373384913334994e-8	7.358487281534e-11	2.645820705058198e-8
2.9071233772725695e20	8.425797189467656e-11	2.632026472563043e-8	7.358487281534e-11	2.640452269601609e-8
2.940820170587067e20	8.369674618436255e-11	2.626678761275792e-8	7.358487281534e-11	2.635048435917577e-8
2.9749075472144315e20	8.313845567318505e-11	2.6213009934337398e-8	7.358487281534e-11	2.6296148389843883e-8
3.009390034449724e20	8.258309388825899e-11	2.6158986030041746e-8	7.358487281534e-11	2.6241569124411692e-8
3.0442722120642934e20	8.203065467946103e-11	2.61047682227608e-8	7.358487281534e-11	2.6186798877440262e-8
3.07955871291423e20	8.148113211029328e-11	2.6050406863561222e-8	7.358487281534e-11	2.613188799482919e-8
3.115254223555478e20	8.093451976776488e-11	2.599595033365771e-8	7.358487281534e-11	2.6076884852470348e-8
3.1513634848664827e20	8.039081139020308e-11	2.5941445092006208e-8	7.358487281534e-11	2.6021835902294862e-8
3.187891292677636e20	7.985000045954938e-11	2.5886935706731063e-8	7.358487281534e-11	2.596678570685556e-8
3.2248424984084454e20	7.931208040090877e-11	2.583246484436489e-8	7.358487281534e-11	2.5911776925451888e-8
3.2622220097116596e20	7.877704457000633e-11	2.5778073359477723e-8	7.358487281534e-11	2.5856850405345714e-8
3.300034791125289e20	7.824488612592117e-11	2.572380029918379e-8	7.358487281534e-11	2.580204518626916e-8
3.3382858647317506e20	7.771559812974125e-11	2.566968291548397e-8	7.358487281534e-11	2.5747398514230774e-8
3.376980310825095e20	7.718917360283596e-11	2.5615756751378166e-8	7.358487281534e-11	2.5692945926099323e-8
3.416123268585518e20	7.666560546957492e-11	2.5562055634787467e-8	7.358487281534e-11	2.563872124067021e-8
3.455719936762143e20	7.614488650397226e-11	2.5508611710435145e-8	7.358487281534e-11	2.55847565963651e-8
3.495775574363265e20	7.562700930194503e-11	2.5455455530477744e-8	7.358487281534e-11	2.5531082540303482e-8
3.5362955013550467e20	7.511196715103092e-11	2.5402616032074606e-8	7.358487281534e-11	2.547772799889123e-8
3.577285099367862e20	7.45997514922095e-11	2.5350120614166078e-8	7.358487281534e-11	2.542472036583957e-8
3.618749812411284e20	7.409035514176624e-11	2.5297995143705007e-8	7.358487281534e-11	2.5372085498635942e-8
3.6606951475968914e20	7.358377019949319e-11	2.52462640369145e-8	7.358487281534e-11	2.5319847806707587e-8
3.7031266758699306e20	7.307998956948222e-11	2.5194950259276748e-8	7.358487281534e-11	2.5268030248619603e-8
3.746050032748982e20	7.257900509870166e-11	2.5144075386176175e-8	7.358487281534e-11	2.521665439141744e-8
3.7894709190746715e20	7.208080884173579e-11	2.5093659635631325e-8	7.358487281534e-11	2.5165740443436202e-8
3.8333951017665895e20	7.158539284741466e-11	2.5043721916013715e-8	7.358487281534e-11	2.511530730973684e-8
3.8778284145894615e20	7.10927489793227e-11	2.4994279839664914e-8	7.358487281534e-11	2.5065372588988538e-8
3.9227767589277073e20	7.060286905979735e-11	2.494534979345464e-8	7.358487281534e-11	2.501595266203794e-8
3.968246104569486e20	7.0115744917813e-11	2.4896946969438764e-8	7.358487281534e-11	2.496706271475071e-8
4.01424249049931e20	6.963136817703649e-11	2.484908538179542e-8	7.358487281534e-11	2.491871675008649e-8
4.06077202570037e20	6.914973054687427e-11	2.4801777939639808e-8	7.358487281534e-11	2.4870927670816082e-8
4.107840889965634e20	6.867082351812051e-11	2.475503645119215e-8	7.358487281534e-11	2.4823707275091013e-8
4.15545533471888e20	6.81946386025695e-11	2.4708871696252826e-8	7.358487281534e-11	2.4777066335002274e-8
4.2036216838447006e20	6.772116726615735e-11	2.4663293422159505e-8	7.358487281534e-11	2.4731014588917473e-8
4.2523463345286867e20	6.725040072308033e-11	2.4618310418479932e-8	7.358487281534e-11	2.4685560820835696e-8
4.301635758106782e20	6.678233040923028e-11	2.4573930538190504e-8	7.358487281534e-11	2.464071286888351e-8
4.351496500925054e20	6.631694746799452e-11	2.4530160721083e-8	7.358487281534e-11	2.4596477669445165e-8
4.401935185208861e20	6.585424314621207e-11	2.4487007051378813e-8	7.358487281534e-11	2.4552861293051814e-8
4.45295850994266e20	6.539420852950777e-11	2.4444474771117202e-8	7.358487281534e-11	2.450986897918411e-8
4.5045732517594445e20	6.493683523560432e-11	2.440256833188278e-8	7.358487281534e-11	2.446750516785514e-8
4.556786265841069e20	6.448211301303616e-11	2.436129141214186e-8	7.358487281534e-11	2.442577352602553e-8
4.60960448682842e20	6.403003358641095e-11	2.4320646972759695e-8	7.358487281534e-11	2.4384677005237184e-8
4.663034929742736e20	6.358058771273009e-11	2.4280637251282e-8	7.358487281534e-11	2.4344217839960056e-8
4.717084690917003e20	6.313376628562258e-11	2.4241263828137498e-8	7.358487281534e-11	2.430439759480321e-8
4.771760948938751e20	6.268956007843285e-11	2.4202527654661726e-8	7.358487281534e-11	2.4265217215771428e-8
4.8270709656031684e20	6.224795986822183e-11	2.4164429051930857e-8	7.358487281534e-11	2.4226677012320655e-8
4.8830220868778846e20	6.180895630927771e-11	2.412696777269027e-8	7.358487281534e-11	2.4188776729640144e-8
4.939621743878305e20	6.13725401396614e-11	2.409014300866711e-8	7.358487281534e-11	2.4151515547825998e-8
4.996877453854889e20	6.093870191572317e-11	2.4053953439354848e-8	7.358487281534e-11	2.411489214262182e-8
5.054796821191225e20	6.050743223259964e-11	2.401839723201858e-8	7.358487281534e-11	2.4078904663722913e-8
5.1133875384143315e20	6.00787216165613e-11	2.398347208457157e-8	7.358487281534e-11	2.404355080708336e-8
5.1726573872160034e20	5.965256051318395e-11	2.394917526260485e-8	7.358487281534e-11	2.4008827824629857e-8
5.232614239486667e20	5.922893950245199e-11	2.391550360107888e-8	7.358487281534e-11	2.3974732539677343e-8
5.293266058360545e20	5.880784885063338e-11	2.3882453523251427e-8	7.358487281534e-11	2.3941261373125414e-8
5.354620899273613e20	5.838927902594979e-11	2.3850021086412715e-8	7.358487281534e-11	2.3908410366778e-8
5.4166869110331356e20	5.797322040474093e-11	2.3818202007181026e-8	7.358487281534e-11	2.3876175227409706e-8
5.4794723369002926e20	5.755966321324599e-11	2.3786991658976092e-8	7.358487281534e-11	2.3844551322140608e-8
5.542985515684652e20	5.7148597817676503e-11	2.3756385105519624e-8	7.358487281534e-11	2.3813533702924377e-8
5.607234882852038e20	5.674001444358123e-11	2.3726377123951772e-8	7.358487281534e-11	2.3783117138681088e-8
5.672228971644526e20	5.633390331103166e-11	2.3696962221771276e-8	7.358487281534e-11	2.375329612514956e-8
5.7379764142141394e20	5.593025459458347e-11	2.366813464974337e-8	7.358487281534e-11	2.3724064904803326e-8
5.80448594276896e20	5.55290585174568e-11	2.3639888434627507e-8	7.358487281534e-11	2.3695417492652066e-8
5.8717663907332614e20	5.513030518596325e-11	2.3612217378550813e-8	7.358487281534e-11	2.366734768246343e-8
5.939826693920339e20	5.473398473708351e-11	2.3585115098328355e-8	7.358487281534e-11	2.363984908424713e-8
6.008675891719693e20	5.434008727297587e-11	2.3558575010520473e-8	7.358487281534e-11	2.361291509784424e-8
6.078323128297212e20	5.3948602843879495e-11	2.3532590375740753e-8	7.358487281534e-11	2.3586538978685045e-8
6.148777653810029e20	5.355952153773675e-11	2.350715432127385e-8	7.358487281534e-11	2.3560713843872468e-8
6.220048825634693e20	5.3172833373658566e-11	2.348225979339766e-8	7.358487281534e-11	2.3535432626354283e-8
6.29214610961035e20	5.2788528372404566e-11	2.3457899660722298e-8	7.358487281534e-11	2.3510688189306895e-8
6.365079081295552e20	5.2406596472348e-11	2.3434066646660373e-8	7.358487281534e-11	2.348647324281508e-8
6.438857427240426e20	5.2027027735603896e-11	2.3410753412338227e-8	7.358487281534e-11	2.3462780439362894e-8
6.513490946272783e20	5.164981211264257e-11	2.3387952506707462e-8	7.358487281534e-11	2.3439602319183212e-8
6.588989550799956e20	5.1274939529703163e-11	2.3365656419564703e-8	7.358487281534e-11	2.341693135883388e-8
6.665363268124894e20	5.090239989031981e-11	2.3343857559418937e-8	7.358487281534e-11	2.3394759958113117e-8
6.742622241778349e20	5.053218317864539e-11	2.332254830837279e-8	7.358487281534e-11	2.3373080491789052e-8
6.820776732865664e20	5.0164279236961324e-11	2.3301721000442713e-8	7.358487281534e-11	2.335188527924903e-8
6.899837121430026e20	4.979867805039794e-11	2.328136793121287e-8	7.358487281534e-11	2.3331166610136803e-8
6.979813907830639e20	4.9435369465858875e-11	2.3261481378190057e-8	7.358487281534e-11	2.331091674742637e-8
7.06071771413778e20	4.907434335682568e-11	2.324205359501329e-8	7.358487281534e-11	2.3291127938715887e-8
7.142559285543105e20	4.871558957952811e-11	2.3223076849931507e-8	7.358487281534e-11	2.3271792439185245e-8
7.225349491787221e20	4.835909802185394e-11	2.3204543395534282e-8	7.358487281534e-11	2.3252902493888753e-8
7.309099328602888e20	4.8004858544586003e-11	2.3186445503417836e-8	7.358487281534e-11	2.3234450362755726e-8
7.393819919175874e20	4.765286099371445e-11	2.316877545167397e-8	7.358487281534e-11	2.321642831227558e-8
7.479522515621798e20	4.7303095227295303e-11	2.3151525557683536e-8	7.358487281534e-11	2.3198828653512653e-8
7.566218500481063e20	4.6955550601052615e-11	2.3134688157099897e-8	7.358487281534e-11	2.318164370788245e-8
7.653919388230125e20	4.661021789662494e-11	2.3118255620017156e-8	7.358487281534e-11	2.3164865837804135e-8
7.742636826811277e20	4.626708647222503e-11	2.310222036859991e-8	7.358487281534e-11	2.314848745513126e-8
7.832382599179173e20	4.5926146213855316e-11	2.30865748598621e-8	7.358487281534e-11	2.3132501006572737e-8
7.923168624866262e20	4.5587386851587485e-11	2.3071311597963817e-8	7.358487281534e-11	2.311689898352509e-8
8.01500696156538e20	4.525079832135006e-11	2.3056423156653497e-8	7.358487281534e-11	2.310167395562213e-8
8.107909806731695e20	4.4916370434085745e-11	2.3041902162824714e-8	7.358487281534e-11	2.308681853212021e-8
8.201889499202178e20	4.458409298588788e-11	2.3027741301401897e-8	7.358487281534e-11	2.3072325392555293e-8
8.296958520834915e20	4.4253955879234395e-11	2.301393333399753e-8	7.358487281534e-11	2.305818729058481e-8
8.393129498166339e20	4.392594888145303e-11	2.3000471095322678e-8	7.358487281534e-11	2.3044397043558737e-8
8.490415204088755e20	4.3600061920802394e-11	2.2987347473678067e-8	7.358487281534e-11	2.3030947536551375e-8
8.588828559546223e20	4.32762847940037e-11	2.2974555456407937e-8	7.358487281534e-11	2.3017831742001405e-8
8.688382635251194e20	4.295460767512559e-11	2.2962088100274294e-8	7.358487281534e-11	2.3005042708730943e-8
8.789090653419927e20	4.263501948910269e-11	2.294993855043117e-8	7.358487281534e-11	2.2992573569416803e-8
8.890965989529167e20	4.231751138197107e-11	2.2938100018500495e-8	7.358487281534e-11	2.298041752990821e-8
8.994022174092017e20	4.200207196428793e-11	2.2926565825046673e-8	7.358487281534e-11	2.2968567896120273e-8
9.098272894455568e20	4.168869199234429e-11	2.2915329361801457e-8	7.358487281534e-11	2.2957018053936356e-8
9.203731996618192e20	4.1377361155989454e-11	2.2904384124266325e-8	7.358487281534e-11	2.2945761484336396e-8
9.310413487069085e20	4.1068069254134606e-11	2.2893723679079808e-8	7.358487281534e-11	2.293479174803894e-8
9.418331534647923e20	4.076080627899688e-11	2.2883341706090245e-8	7.358487281534e-11	2.2924102512571758e-8
9.5275004724273e20	4.045556211802262e-11	2.287323196777403e-8	7.358487281534e-11	2.29136875302524e-8
9.637934799615756e20	4.0152326679697524e-11	2.2863388313039858e-8	7.358487281534e-11	2.290354063984621e-8
9.749649183484096e20	3.985108991705351e-11	2.285380470071631e-8	7.358487281534e-11	2.289365579005429e-8
9.86265846131279e20	3.955184180316183e-11	2.2844475177766624e-8	7.358487281534e-11	2.2884027019709028e-8
9.976977642363212e20	3.925457228533016e-11	2.283539389605206e-8	7.358487281534e-11	2.2874648468551506e-8
1.0092621909870443e21	3.8959271340738306e-11	2.2826555075594806e-8	7.358487281534e-11	2.2865514346527338e-8
1.0209606623060475e21	3.866592897603833e-11	2.2817953067793246e-8	7.358487281534e-11	2.2856618996888846e-8
1.0327947319189483e21	3.837453519004682e-11	2.2809582302654387e-8	7.358487281534e-11	2.2847956837644983e-8
1.0447659715608053e21	3.808508001932102e-11	2.2801437312369605e-8	7.358487281534e-11	2.2839522392834377e-8
1.0568759711848007e21	3.779755347961287e-11	2.279351272176761e-8	7.358487281534e-11	2.2831310275369942e-8
1.0691263391734771e21	3.751194562550218e-11	2.2785803248419043e-8	7.358487281534e-11	2.2823315194665386e-8
1.0815187025522848e21	3.722824655665086e-11	2.2778303720676683e-8	7.358487281534e-11	2.2815531967240386e-8
1.0940547072057436e21	3.6946446325973865e-11	2.2771009049721028e-8	7.358487281534e-11	2.2807955496116737e-8
1.1067360180959699e21	3.666653502643599e-11	2.2763914247491513e-8	7.358487281534e-11	2.280058078324867e-8
1.1195643194838795e21	3.638850281750829e-11	2.2757014418853118e-8	7.358487281534e-11	2.279340292179329e-8
1.132541315152808e21	3.611233981505948e-11	2.2750304764509693e-8	7.358487281534e-11	2.2786417104297804e-8
1.1456687286348727e21	3.583803656144314e-11	2.2743780576766314e-8	7.358487281534e-11	2.2779618614852746e-8
1.158948303439807e21	3.55655824950876e-11	2.273743724219092e-8	7.358487281534e-11	2.2773002823329904e-8
1.1723818032865997e21	3.5294968116712755e-11	2.2731270247292338e-8	7.358487281534e-11	2.276656521486892e-8
1.1859710123376658e21	3.5026183747297016e-11	2.272527515403098e-8	7.358487281534e-11	2.2760301336523834e-8
1.1997177354358856e21	3.4759219533175297e-11	2.2719447622444332e-8	7.358487281534e-11	2.2754206841818522e-8
1.213623798344237e21	3.449406579066482e-11	2.2713783409085892e-8	7.358487281534e-11	2.274827747422905e-8
1.2276910479883604e21	3.423071277431084e-11	2.2708278352692234e-8	7.358487281534e-11	2.274250906436038e-8
1.2419213527017796e21	3.3969150786389196e-11	2.2702928379562195e-8	7.358487281534e-11	2.2736897530330155e-8
1.2563166024741214e21	3.370937015760071e-11	2.269772950222296e-8	7.358487281534e-11	2.273143887332792e-8
1.2708787092020543e21	3.34513612110556e-11	2.2692677824204033e-8	7.358487281534e-11	2.272612918564321e-8
1.2856096069432965e21	3.3195114329621266e-11	2.2687769524597194e-8	7.358487281534e-11	2.2720964638262156e-8
1.3005112521734045e21	3.294061990139175e-11	2.2683000881081894e-8	7.358487281534e-11	2.2715941500713426e-8
1.3155856240457052e21	3.268786832104047e-11	2.2678368234834086e-8	7.358487281534e-11	2.2711056103010147e-8
1.3308347246540706e21	3.2436850071395236e-11	2.2673868007586225e-8	7.358487281534e-11	2.270630485875258e-8
1.346260579298911e21	3.218755556709968e-11	2.2669496737726818e-8	7.358487281534e-11	2.2701684293803958e-8
1.3618652367560772e21	3.1939975317036473e-11	2.2665250996190213e-8	7.358487281534e-11	2.2697190971036667e-8
1.377650769549055e21	3.1694099798877675e-11	2.2661127456783856e-8	7.358487281534e-11	2.269282155615631e-8
1.3936192742241377e21	3.1449919593971124e-11	2.2657122863540016e-8	7.358487281534e-11	2.2688572783654066e-8
1.4097728716289676e21	3.120742525330839e-11	2.2653234037536748e-8	7.358487281534e-11	2.2684441462324643e-8
1.426113707194124e21	3.096660707627649e-11	2.264945786944056e-8	7.358487281534e-11	2.268042447618515e-8
1.4426439512181587e21	3.0727456237436397e-11	2.264579132325804e-8	7.358487281534e-11	2.2676518779786344e-8
1.4593657991557517e21	3.048996308130559e-11	2.2642231447743885e-8	7.358487281534e-11	2.2672721411117954e-8
1.476281471909391e21	3.025411826658212e-11	2.263877534191234e-8	7.358487281534e-11	2.2669029461166005e-8
1.4933932161242473e21	3.001991273500583e-11	2.2635420190779053e-8	7.358487281534e-11	2.266544010296231e-8
1.5107033044866556e21	2.978733673236945e-11	2.2632163233914646e-8	7.358487281534e-11	2.266195057070762e-8
1.5282140360258646e21	2.9556381267717946e-11	2.2629001790962374e-8	7.358487281534e-11	2.2658558172135236e-8
1.5459277364194784e21	2.9327037060362096e-11	2.2625933230975772e-8	7.358487281534e-11	2.2655260268327306e-8
1.5638467583022415e21	2.909929498241874e-11	2.2622954998671954e-8	7.358487281534e-11	2.2652054293503137e-8
1.5819734815786014e21	2.887314581084081e-11	2.2620064601749478e-8	7.358487281534e-11	2.2648937747420463e-8
1.600310313738695e21	2.8648580434870898e-11	2.2617259603820813e-8	7.358487281534e-11	2.2645908183283127e-8
1.6188596901781992e21	2.8425589705444796e-11	2.2614537635806544e-8	7.358487281534e-11	2.2642963224102853e-8
1.6376240745216824e21	2.8204164606939916e-11	2.261189637304851e-8	7.358487281534e-11	2.2640100536094744e-8
1.6566059589499153e21	2.7984296016580685e-11	2.2609333576350567e-8	7.358487281534e-11	2.263731787332508e-8
1.675807864530762e21	2.7765974949118076e-11	2.260684704270334e-8	7.358487281534e-11	2.2634613018977283e-8
1.6952323415541214e21	2.7549192375414305e-11	2.2604434616832505e-8	7.358487281534e-11	2.2631983808825374e-8
1.7148819698705338e21	2.7333939369175774e-11	2.260209422238398e-8	7.358487281534e-11	2.2629428159871256e-8
1.7347593592339327e21	2.712020697547177e-11	2.2599823818810084e-8	7.358487281534e-11	2.2626944024848794e-8
1.754867149648145e21	2.6907986279454415e-11	2.259762143674656e-8	7.358487281534e-11	2.2624529423152095e-8
1.775208011717636e21	2.6697268431793523e-11	2.259548513606396e-8	7.358487281534e-11	2.2622182405746398e-8
1.7957846470020896e21	2.6488044578888285e-11	2.259341303191715e-8	7.358487281534e-11	2.2619901076738205e-8
1.8165997883753287e21	2.6280305600420635e-11	2.2591403297433144e-8	7.358487281534e-11	2.261768360478909e-8
1.837656200388165e21	2.6074043326428228e-11	2.2589454146969418e-8	7.358487281534e-11	2.2615528191122037e-8
1.8589566796356882e21	2.5869248679385137e-11	2.258756384771439e-8	7.358487281534e-11	2.2613433096324002e-8
1.8805040551285757e21	2.566591299721958e-11	2.258573070755212e-8	7.358487281534e-11	2.2611396619535062e-8
1.9023011886689459e21	2.5464027530612394e-11	2.2583953082124295e-8	7.358487281534e-11	2.2609417109739132e-8
1.9243509752303245e21	2.526358365207535e-11	2.2582229361018075e-8	7.358487281534e-11	2.2607492945744572e-8
1.9466563433422633e21	2.5064572717755476e-11	2.258055798288648e-8	7.358487281534e-11	2.2605622555553286e-8
1.9692202554791654e21	2.4866986171032645e-11	2.2578937449451133e-8	7.358487281534e-11	2.2603804436311795e-8
1.9920457084538714e21	2.4670815401635294e-11	2.2577366263912823e-8	7.358487281534e-11	2.2602037080612802e-8
2.0151357338155504e21	2.4476051913439344e-11	2.2575843003335556e-8	7.358487281534e-11	2.2600319055036975e-8
2.038493398252464e21	2.4282687200200575e-11	2.2574366255726296e-8	7.358487281534e-11	2.2598648942978893e-8
2.0621218039991362e21	2.409071278876861e-11	2.2572934673043567e-8	7.358487281534e-11	2.2597025385958128e-8
2.086024089248505e21	2.390012029038598e-11	2.257154692501653e-8	7.358487281534e-11	2.259544704525937e-8
2.1102034285685878e21	2.371090126046161e-11	2.257020173004174e-8	7.358487281534e-11	2.2593912630868345e-8
2.1346630333242454e21	2.3523047314493404e-11	2.2568897828999714e-8	7.358487281534e-11	2.2592420877118366e-8
2.1594061521035586e21	2.333655019027053e-11	2.256763401140814e-8	7.358487281534e-11	2.259097056150302e-8
2.1844360711494285e21	2.3151401540308557e-11	2.2566409095002275e-8	7.358487281534e-11	2.258956049708743e-8
2.2097561147958941e21	2.296759313198116e-11	2.2565221922513243e-8	7.358487281534e-11	2.2588189514730286e-8
2.2353696459097965e21	2.2785116651863647e-11	2.2564071379555347e-8	7.358487281534e-11	2.2586856495360775e-8
2.2612800663372704e21	2.2603963982227985e-11	2.256295638357371e-8	7.358487281534e-11	2.2585560346429047e-8
2.2874908173557042e21	2.2424126921773788e-11	2.2561875866609064e-8	7.358487281534e-11	2.2584299993510826e-8
2.3140053801306447e21	2.224559735386324e-11	2.2560828809804368e-8	7.358487281534e-11	2.258307440617571e-8
2.3408272761782943e21	2.2068367178527227e-11	2.2559814213737387e-8	7.358487281534e-11	2.2581882580293394e-8
2.367960067833069e21	2.1892428294157737e-11	2.255883109871588e-8	7.358487281534e-11	2.2580723528044277e-8
2.3954073587208794e21	2.1717772695150835e-11	2.255787853759788e-8	7.358487281534e-11	2.2579596309302493e-8
2.4231727942375907e21	2.1544392389741978e-11	2.255695560246515e-8	7.358487281534e-11	2.257849999471006e-8
2.45126006203334e21	2.137227939184054e-11	2.255606140406757e-8	7.358487281534e-11	2.257743368375198e-8
2.47967289250215e21	2.120142579038729e-11	2.2555195087572022e-8	7.358487281534e-11	2.2576396513663934e-8
2.508415059277541e21	2.1031823692335994e-11	2.255435579890668e-8	7.358487281534e-11	2.2575387622477356e-8
2.5374903797335615e21	2.0863465202551316e-11	2.2553542730294166e-8	7.358487281534e-11	2.2574406194552623e-8
2.566902715491952e21	2.0696342532922656e-11	2.2552755086529503e-8	7.358487281534e-11	2.257345142990059e-8
2.596655972934862e21	2.053044784549198e-11	2.2551992104604066e-8	7.358487281534e-11	2.257252255310183e-8
2.6267541037238384e21	2.0365773422811272e-11	2.2551253019871663e-8	7.358487281534e-11	2.257161879329157e-8
2.657201105324496e21	2.0202311508049655e-11	2.255053712265079e-8	7.358487281534e-11	2.2570739433064908e-8
2.6880010215376075e21	2.004005441136976e-11	2.254984370336416e-8	7.358487281534e-11	2.25698837580622e-8
2.7191579430360077e21	1.9878994499710543e-11	2.2549172077449018e-8	7.358487281534e-11	2.2569051071656928e-8
2.7506760079080675e21	1.9719124128959066e-11	2.2548521577274465e-8	7.358487281534e-11	2.2568240701489408e-8
2.7825594022071144e21	1.9560435706868443e-11	2.2547891558571658e-8	7.358487281534e-11	2.2567451994253852e-8
2.8148123605075813e21	1.9402921678553167e-11	2.2547281398023783e-8	7.358487281534e-11	2.2566684320472105e-8
2.847439166467236e21	1.924657454778102e-11	2.254669048545544e-8	7.358487281534e-11	2.2565937059662938e-8
2.880444153396298e21	1.9091386796141427e-11	2.2546118232752114e-8	7.358487281534e-11	2.2565209620348158e-8
2.913831704832777e21	1.8937350991007665e-11	2.2545564052613636e-8	7.358487281534e-11	2.2564501403667484e-8
2.9476062551248585e21	1.878445974123646e-11	2.2545027419523868e-8	7.358487281534e-11	2.2563811879391934e-8
2.981772290019661e21	1.863270560719874e-11	2.2544507765357143e-8	7.358487281534e-11	2.2563140470664978e-8
3.016334347259197e21	1.848208128255962e-11	2.254400457625451e-8	7.358487281534e-11	2.25624866575826e-8
3.051297017182858e21	1.8332579423672496e-11	2.2543517345906658e-8	7.358487281534e-11	2.256184992520531e-8
3.0866649433372743e21	1.8184192989793527e-11	2.2543045582522048e-8	7.358487281534e-11	2.2561229775736767e-8
3.122442823092845e21	1.803691429680572e-11	2.2542588802754445e-8	7.358487281534e-11	2.2560625716049455e-8
3.158635408267819e21	1.789073636005771e-11	2.254214655071083e-8	7.358487281534e-11	2.256003728680278e-8
3.1952475057592006e21	1.7745652004414373e-11	2.2541718365475672e-8	7.358487281534e-11	2.2559464017384576e-8
3.2322839781813807e21	1.7601654068032866e-11	2.2541303811196704e-8	7.358487281534e-11	2.2558905466020057e-8
3.2697497445117544e21	1.7458735457231574e-11	2.2540902468039796e-8	7.358487281534e-11	2.2558361203347694e-8
3.3076497807442423e21	1.7316889100746303e-11	2.2540513930758988e-8	7.358487281534e-11	2.2557830819463002e-8
3.3459891205499613e21	1.7176107961788283e-11	2.2540137787448576e-8	7.358487281534e-11	2.255731389539212e-8
3.384772855945983e21	1.703638504252876e-11	2.2539773662002573e-8	7.358487281534e-11	2.2556810047996305e-8
3.4240061379714115e21	1.689771336153522e-11	2.2539421182897094e-8	7.358487281534e-11	2.2556318896472536e-8
3.463694177371734e21	1.6760085835826223e-11	2.2539079972048425e-8	7.358487281534e-11	2.2555840055853385e-8
3.503842245290661e21	1.6623495872203182e-11	2.2538749687901222e-8	7.358487281534e-11	2.2555373184422302e-8
3.544455673970436e21	1.6487936635307882e-11	2.253842998176434e-8	7.358487281534e-11	2.2554917917624755e-8
3.5855398574598023e21	1.6353400769392856e-11	2.2538120526761844e-8	7.358487281534e-11	2.2554473928416412e-8
3.6271002523306484e21	1.62198821422256e-11	2.2537820993067332e-8	7.358487281534e-11	2.2554040875764868e-8
3.669142378402479e21	1.6087373502808222e-11	2.2537531084376776e-8	7.358487281534e-11	2.2553618456652772e-8
3.711671819475767e21	1.5955868297826287e-11	2.253725048763936e-8	7.358487281534e-11	2.2553206355558974e-8
3.7546942240733213e21	1.5825359813321675e-11	2.2536978905205534e-8	7.358487281534e-11	2.2552804265961686e-8
3.7982153061907363e21	1.569584139448529e-11	2.253671605801115e-8	7.358487281534e-11	2.255241189799956e-8
3.8422408460550453e21	1.5567306428320487e-11	2.2536461682371584e-8	7.358487281534e-11	2.2552028989614028e-8
3.886776690892668e21	1.5439748299962e-11	2.2536215490732283e-8	7.358487281534e-11	2.2551655238455152e-8
3.931828755705754e21	1.531316047228553e-11	2.2535977242343084e-8	7.358487281534e-11	2.2551290403292713e-8
3.9774030240580365e21	1.5187536395143478e-11	2.253574667157733e-8	7.358487281534e-11	2.2550934207957127e-8
4.0235055488692765e21	1.506286960658018e-11	2.253552354725693e-8	7.358487281534e-11	2.25505864167687e-8
4.0701424532194386e21	1.493915362472953e-11	2.2535307624248252e-8	7.358487281534e-11	2.2550246778116665e-8
4.117319931161662e21	1.4816382058277015e-11	2.2535098676072358e-8	7.358487281534e-11	2.254991505907937e-8
4.165044248545185e21	1.4694548463968224e-11	2.253489648398612e-8	7.358487281534e-11	2.25495910326296e-8
4.2133217438472717e21	1.4573646543360668e-11	2.253470083600603e-8	7.358487281534e-11	2.2549274482328476e-8
4.262158829015325e21	1.4453669946722709e-11	2.2534511518603277e-8	7.358487281534e-11	2.2548965188306556e-8
4.311561990318211e21	1.433461238747261e-11	2.2534328332469214e-8	7.358487281534e-11	2.25486629449487e-8
4.3615377892080054e21	1.4216467608968207e-11	2.2534151089238743e-8	7.358487281534e-11	2.2548367555826152e-8
4.4120928631911717e21	1.4099229398477465e-11	2.2533979581807286e-8	7.358487281534e-11	2.2548078811198844e-8
4.463233926710397e21	1.3982891555743658e-11	2.2533813645888667e-8	7.358487281534e-11	2.2547796537013643e-8
4.5149677720360835e21	1.3867447931278817e-11	2.2533653097939416e-8	7.358487281534e-11	2.2547520545346857e-8
4.567301270168747e21	1.3752892408603436e-11	2.253349775761235e-8	7.358487281534e-11	2.2547250649713592e-8
4.620241371751294e21	1.3639218887668725e-11	2.2533347475423667e-8	7.358487281534e-11	2.2546986694526004e-8
4.6737951079924635e21	1.3526421324911565e-11	2.2533202068198115e-8	7.358487281534e-11	2.2546728488866812e-8
4.727969591600371e21	1.3414493693127602e-11	2.253306140095409e-8	7.358487281534e-11	2.2546475895079685e-8
4.782772017727486e21	1.3303430001475738e-11	2.2532925306362165e-8	7.358487281534e-11	2.2546228736507207e-8
4.838209664925937e21	1.3193224273135436e-11	2.2532793645241156e-8	7.358487281534e-11	2.254598686966883e-8
4.894289896114531e21	1.3083870633603699e-11	2.2532666275114286e-8	7.358487281534e-11	2.2545750144553824e-8
4.951020159556331e21	1.297536314639802e-11	2.2532543050808743e-8	7.358487281534e-11	2.2545518413295602e-8
5.008407989848213e21	1.2867695815288346e-11	2.2532423853047588e-8	7.358487281534e-11	2.254529154913098e-8
5.066461008921248e21	1.2760863125654332e-11	2.253230853793628e-8	7.358487281534e-11	2.2545069400784855e-8
5.125186927053333e21	1.2654859116758264e-11	2.2532196994999636e-8	7.358487281534e-11	2.2544851855078033e-8
5.184593543892892e21	1.2549678050269827e-11	2.2532089088216647e-8	7.358487281534e-11	2.2544638767149847e-8
5.244688749495119e21	1.244531417839705e-11	2.2531984712713117e-8	7.358487281534e-11	2.2544430027927253e-8
5.305480525369552e21	1.2341761806559685e-11	2.253188374153881e-8	7.358487281534e-11	2.2544225503279223e-8
5.366976945540476e21	1.2239015269377189e-11	2.253178608371069e-8	7.358487281534e-11	2.2544025099508883e-8
5.42918617761892e21	1.2137068936366308e-11	2.2531691614510955e-8	7.358487281534e-11	2.2543828683326467e-8
5.49211648388779e21	1.2035917214465612e-11	2.253160023421233e-8	7.358487281534e-11	2.2543636150865577e-8
5.555776222398855e21	1.1935554520164024e-11	2.2531511855288993e-8	7.358487281534e-11	2.254344740902092e-8
5.620173848083188e21	1.1835975324115932e-11	2.2531426370945538e-8	7.358487281534e-11	2.2543262346839805e-8
5.68531791387373e21	1.1737174241037043e-11	2.2531343683454135e-8	7.358487281534e-11	2.2543080858282942e-8
5.751217071841614e21	1.1639145550901511e-11	2.2531263707436643e-8	7.358487281534e-11	2.254290285389492e-8
5.817880074344911e21	1.1541883938307884e-11	2.2531186358086356e-8	7.358487281534e-11	2.2542728242074497e-8
5.885315775191451e21	1.144538399427143e-11	2.2531111546760873e-8	7.358487281534e-11	2.2542556931460357e-8
5.953533130814346e21	1.1349640320516361e-11	2.2531039193889886e-8	7.358487281534e-11	2.254238883442313e-8
6.022541201461928e21	1.1254647593894351e-11	2.2530969215007004e-8	7.358487281534e-11	2.2542223862481818e-8
6.092349152400686e21	1.1160400375950451e-11	2.25309015346072e-8	7.358487281534e-11	2.2542061934805327e-8
6.162966255132942e21	1.1066893594071435e-11	2.253083608126209e-8	7.358487281534e-11	2.2541902974670472e-8
6.234401888627839e21	1.0974121893350196e-11	2.2530772779247854e-8	7.358487281534e-11	2.2541746901089805e-8
6.306665540567406e21	1.0882080048521873e-11	2.2530711555553798e-8	7.358487281534e-11	2.2541593635820074e-8
6.379766808606257e21	1.0790762850700187e-11	2.2530652358616846e-8	7.358487281534e-11	2.254144312332115e-8
6.453715401646702e21	1.0700165143560285e-11	2.2530595100656874e-8	7.358487281534e-11	2.2541295264547333e-8
6.52852114112782e21	1.0610281798624619e-11	2.253053973073519e-8	7.358487281534e-11	2.25411500131602e-8
6.604193962330305e21	1.0521107717611074e-11	2.253048618451268e-8	7.358487281534e-11	2.2541007290081556e-8
6.680743915695587e21	1.0432637823198242e-11	2.2530434406338583e-8	7.358487281534e-11	2.2540867044100112e-8
6.75818116816111e21	1.0344867066221377e-11	2.2530384337426087e-8	7.358487281534e-11	2.254072920428233e-8
6.836516004510211e21	1.0257790443545105e-11	2.2530335911633706e-8	7.358487281534e-11	2.254059370183397e-8
6.915758828738525e21	1.0171402952923655e-11	2.2530289085380296e-8	7.358487281534e-11	2.254046048818539e-8
6.995920165435346e21	1.0085699762493127e-11	2.2530243807401502e-8	7.358487281534e-11	2.254032950711383e-8
7.07701066118189e21	1.0000675676548764e-11	2.2530200028022396e-8	7.358487281534e-11	2.2540200704015894e-8
7.159041085964859e21	9.916326053017494e-12	2.2530157690300023e-8	7.358487281534e-11	2.2540074014867456e-8
7.242022334607315e21	9.832645941428792e-12	2.2530116751924827e-8	7.358487281534e-11	2.2539949396880188e-8
7.325965428215201e21	9.749630507992972e-12	2.253007716932561e-8	7.358487281534e-11	2.2539826801568605e-8
7.41088151564157e21	9.667274964717762e-12	2.2530038893327986e-8	7.358487281534e-11	2.2539706168550075e-8
7.496781874966846e21	9.585574517469703e-12	2.253000188382458e-8	7.358487281534e-11	2.2539587457251085e-8
7.583677914997191e21	9.504524424203543e-12	2.2529966090429396e-8	7.358487281534e-11	2.2539470614594045e-8
7.671581176779271e21	9.424119975657537e-12	2.2529931491425972e-8	7.358487281534e-11	2.2539355609995407e-8
7.760503335133571e21	9.344356469457055e-12	2.252989803336199e-8	7.358487281534e-11	2.2539242389406743e-8
7.850456200204478e21	9.265229390070624e-12	2.2529865688142196e-8	7.358487281534e-11	2.2539130918008468e-8
7.94145171902934e21	9.186733834763261e-12	2.2529834407829e-8	7.358487281534e-11	2.2539021143227793e-8
8.033501977124702e21	9.108865342462742e-12	2.2529804168032945e-8	7.358487281534e-11	2.2538913034123767e-8
8.126619200091945e21	9.031619337084293e-12	2.252977492947541e-8	7.358487281534e-11	2.2538806548829392e-8
8.220815755240507e21	8.954991250530303e-12	2.2529746666723157e-8	7.358487281534e-11	2.253870165926183e-8
8.316104153230962e21	8.878976589796679e-12	2.2529719329162364e-8	7.358487281534e-11	2.2538598306462246e-8
8.412497049736084e21	8.803570868903353e-12	2.2529692903021102e-8	7.358487281534e-11	2.253849647408771e-8
8.510007247122247e21	8.728769611746006e-12	2.2529667355287487e-8	7.358487281534e-11	2.2538396124660757e-8
8.608647696149209e21	8.6545683796003e-12	2.252964265578053e-8	7.358487281534e-11	2.2538297225377834e-8
8.708431497690724e21	8.580962791504824e-12	2.252961877974548e-8	7.358487281534e-11	2.2538199741629352e-8
8.809371904473955e21	8.50794843755862e-12	2.252959569070737e-8	7.358487281534e-11	2.253810363800347e-8
8.911482322840201e21	8.435520993308971e-12	2.2529573370026783e-8	7.358487281534e-11	2.2538008889691375e-8
9.01477631452488e21	8.363676124954133e-12	2.2529551790667947e-8	7.358487281534e-11	2.2537915467063724e-8
9.119267598459298e21	8.292409529780886e-12	2.2529530925236945e-8	7.358487281534e-11	2.2537823334940742e-8
9.224970052592137e21	8.221716945767104e-12	2.2529510761904905e-8	7.358487281534e-11	2.253773247897473e-8
9.331897715733238e21	8.151594132710542e-12	2.252949126560433e-8	7.358487281534e-11	2.2537642859853136e-8
9.440064789417564e21	8.082036865936036e-12	2.2529472417953285e-8	7.358487281534e-11	2.2537554453320833e-8
9.549485639791966e21	8.013040968784846e-12	2.2529454195523234e-8	7.358487281534e-11	2.2537467235087498e-8
9.660174799522606e21	7.944602191248097e-12	2.252943658025271e-8	7.358487281534e-11	2.253738118287044e-8
9.772146969725725e21	7.876716648087766e-12	2.2529419556310078e-8	7.358487281534e-11	2.2537296273446902e-8
9.885417021919533e21	7.80937997982535e-12	2.2529403088146512e-8	7.358487281534e-11	2.2537212467212548e-8
1.0e22	7.742588189697265e-12	2.25293871765625e-8	7.358487281534e-11	2.2537129765625e-8
